0.2221222855 -0.0139566743 0.2002081750 0.3397354157
0.4575123156 0.3269748076 0.7046944903 0.4176105823
0.6237941818 0.4718456558 0.0914939327 0.3384045400
0.3714750583 0.5247111654 0.3996095538 0.0553116794
0.1548507912 0.0504602331 0.7100048033 0.3565467875
0.4080407153 0.6232179976 0.1919122059 0.5167453257
0.1566409857 0.5474802158 0.4530311635 0.3773330912
-0.0657331655 0.1546108479 0.1271863885 0.5485622412
0.6175723428 -0.0306901677 0.2201187881 0.3074753916
0.7339508035 0.1640917990 0.4325735327 0.3018668067
0.2860828443 0.4904338098 0.3574929944 0.2339588320
0.5127633018 -0.1916966015 0.1868315287 0.7513532236
0.5149331195 0.1084987404 -0.0979868207 -0.1045014928
0.5461842927 0.0728607935 -0.0016512890 0.1673936084
0.2451423996 0.0100696670 0.2801024353 -0.1426255952
0.5670624687 0.2318131545 0.1653215325 0.6493798344
-0.1217630126 0.4291439345 0.3668703662 0.1033250548
0.3875719621 0.2856952441 0.1213271321 0.2676732215
0.6121746061 0.5305117517 0.1932470438 0.1177171423
0.3481602263 0.1852723748 0.3693208053 0.2310560683
-0.0328341112 0.5997323422 0.3603391730 -0.5491642600
0.2976134172 0.5160890232 0.4386702527 0.3142009340
-0.0245416291 0.2838952128 0.1567699779 0.3051312922
0.2147419137 0.2024353766 0.2312877413 0.2858865791
0.1667108365 0.2547161529 0.4656270771 0.2476914675
0.0108813400 0.3676434534 0.3855889964 0.2030966024
-0.0032717969 -0.0262983350 -0.0051029043 0.4094214476
0.6739112774 0.2842245451 0.5589191810 0.1717343923
0.5464557524 0.7148482877 0.3388847157 0.1778775002
-0.0071728442 -0.1103440592 0.0971750819 -0.1822518393
0.0573179534 0.6666341297 0.0893722560 0.3160875563
0.5701373050 0.0445486229 0.1084525903 0.4612497503
0.0914670829 0.4769030483 0.0924997702 0.3124132420
0.4368938843 0.5447349371 0.2847282861 0.2204703847
0.4111893946 0.2101770805 0.2012535331 0.2395025701
0.3053218243 0.5296602973 0.0301156267 0.3139461500
0.0303820855 0.2709519047 0.1001428358 0.4777512554
0.3787686133 0.5644578475 0.5038513329 0.1543843265
0.0887379200 0.3192132337 0.0839592699 0.4020300560
0.3075691413 0.2460677197 0.3686188596 0.7530216778
0.3014365688 0.2158171521 0.2514953176 0.4915845225
0.5163855609 0.0701334559 0.3770867895 0.4947929525
0.1549460967 0.0363608248 0.1901786512 0.2611539813
-0.2331454708 -0.0368197218 0.5813673751 -0.2077837585
0.0228959734 0.5592129172 0.1024469978 0.9495813649
0.1081987586 0.1427363141 0.4592629571 0.6773357126
0.2452953444 0.0287430953 0.7605798305 0.4152354471
0.3121816794 0.0305891798 0.5748245278 0.3763588623
0.2127669192 0.5078950586 0.3824721567 0.7169443852
0.0817860389 0.1848120858 0.4529957907 0.4630832491
0.5833239575 0.3909405063 0.4535022165 0.4164308842
0.3658367536 0.5153950130 0.3837708361 -0.0525684109
0.3276955326 0.4708414893 0.6608001880 0.4720729171
0.4125296627 0.1819694982 0.2092815248 0.4799085041
0.2954834284 0.5155378274 0.5395801894 0.4567020404
-0.0303689510 0.4357274486 0.3285421051 0.0611225875
0.6023740401 0.1784532982 0.6015723021 0.4842577623
0.0421399925 0.1594478420 -0.0206619288 0.3938868672
0.4092818373 0.4288308712 0.4798260302 0.5579688399
0.2981009176 0.4314921321 0.6190822537 0.4396954973
-0.1338250826 -0.0364469488 0.5365692042 0.1159465172
0.3298824497 0.7103564769 0.1541360191 0.0573970404
0.3687604597 0.6214915420 0.8248820436 0.5329374860
0.6747267701 0.2499671613 0.0535993110 0.6189412118
0.3896103410 0.1312007449 0.1598598597 0.0364948781
0.7753135930 0.5681526692 0.5870118446 -0.0930079609
0.9518423829 0.4436108367 0.1752363304 0.5378765258
0.0474109304 0.0753244108 0.6448579719 0.2054278510
0.0758481228 0.4224394834 0.4597854844 0.1523858984
0.4055417515 0.1180380439 0.0996783881 0.2083736647
0.4740809086 0.1479447849 0.1880115465 0.1414804415
0.3087217959 0.5950652860 0.1366896617 0.1140578683
0.5036777739 0.2050501890 0.0420923325 0.4467222317
0.6498813345 0.1717369487 0.4820103127 0.1548943904
0.7094732097 0.2494478422 0.2395610614 0.4612083632
0.3140185802 0.3384329984 0.4109524546 0.2672966379
0.4698796067 0.3818079418 0.6307546980 0.3166442921
0.1670130933 0.1684647787 0.4915488077 0.1827541762
0.3786761640 0.0835989680 0.1421339605 0.3219791433
0.1874576995 0.2981801516 -0.0127468140 0.5007644217
0.3711335331 0.6778873555 0.6355638612 0.3511630694
0.4191130886 0.4652848000 0.6103488280 -0.0030277314
0.4961016898 0.1394405938 0.3408711099 0.1750560431
0.6882303993 0.0474332211 0.6157533392 0.4653017897
-0.1548621481 0.4387294067 0.4729960596 0.6160064009
-0.0841352071 0.4756303803 -0.0392536463 0.8281595939
0.3622604452 0.6077508538 0.3833470996 0.3374665405
0.3968595419 0.7622476268 0.1792330405 -0.1021514541
0.6075908802 0.0836313232 0.2545824462 0.1744692256
0.2779255347 0.3114634813 0.0661939848 0.8304989736
-0.2165712145 0.0830151219 0.6545307427 0.4410222069
0.2777597881 0.5783913263 0.0355954374 0.0181553570
0.1168816662 0.3400872117 0.1626521746 -0.1650382088
-0.0817145038 0.4711222371 0.1465198071 0.3633488276
-0.1475415737 0.0194988590 0.4421417061 0.2716859228
0.1278852827 0.0370313136 -0.1179817476 0.6224971635
0.4916755522 0.4388836839 0.1708870084 -0.0777028464
0.3733369657 0.3398190768 -0.0962873574 0.6923833734
0.2726199166 0.6973368214 0.0356729565 0.2712887499
0.3674601128 0.0406650427 0.4402177111 -0.0709959080
-0.1116977080 -0.0058772996 0.1143449543 0.8049906883
-0.1905501217 -0.1756718893 0.2562431131 0.0934325715
0.5021086242 0.3990415269 -0.0734618819 -0.0293547733
0.1556666953 0.1694127146 0.6357442322 0.0627300652
0.0956176096 0.7446028584 0.5204420301 0.4689075362
0.2252990922 0.3213630503 0.1327827233 0.8117528172
0.3031048644 0.5165157991 0.6919345114 0.1207215532
-0.3692040494 0.4952018690 0.2332763181 0.5653598224
0.4214732077 0.5116885785 -0.2065472044 0.5782636529
0.0345777024 0.2613667494 0.3610526577 0.1997699236
0.2130757559 0.3927243069 0.2367741598 0.2211874832
0.4747660753 -0.0849944761 0.6506636872 0.4379755534
0.4140985145 0.3973912171 0.6998904939 0.2210583803
0.6515151573 -0.0364527483 0.7752405433 0.0617127865
0.0030353570 0.4723247829 0.4802292719 0.1243804948
0.3252180937 -0.2196683232 0.4402661344 0.1776244627
0.7408881033 0.0254117233 0.4045856943 0.1631339307
0.1524395449 0.3651558232 0.5870309278 0.1189220851
-0.5030688282 0.2366806894 -0.0137069169 0.3644744189
0.4391863219 0.2111462016 0.2844626619 -0.2945676474
-0.1546359381 0.3235649791 0.1312570287 0.2918551482
0.1471296520 0.1755876513 0.2442967341 0.2804734522
0.7261275084 0.2272246173 0.6106115313 0.6635165141
0.2896087400 0.0958837913 0.2435622682 -0.2607871333
0.0558421675 0.4865680424 0.2063317481 0.3045796871
0.1242101442 0.9508937438 0.4396936374 0.5454498263
0.3345222297 -0.1431418772 0.2449275139 0.4127701163
-0.0977807739 -0.0964013988 0.1643912849 -0.0257562903
0.0595902983 0.7698464131 0.1873591721 0.1482298872
0.2362321033 0.5630022900 0.4060900579 0.3885868162
0.4886318791 0.7109878692 -0.0508154201 -0.1026178615
0.0083234437 0.6203151602 0.5688276998 0.2388766587
0.0464049026 0.3686731818 -0.0111194643 0.1005678453
0.4568131979 0.4301646628 0.3090925240 0.2970412483
-0.3323012824 0.0064842658 0.2820230250 0.1119692154
0.0009905982 0.0107781745 0.4436451952 0.1420006905
0.2203454880 -0.0731625445 0.2153105308 -0.0552184715
-0.0565607025 0.4193980844 0.1811169631 0.5657233570
0.2455535268 0.4836498174 0.3434581818 -0.0126812204
0.2647264359 0.6059319220 0.3183427331 0.0052761720
0.0063603671 0.4539320984 0.0944872901 0.3126755395
0.1304620411 0.2261946932 0.0367873055 0.0129360639
0.4123033490 -0.0107912300 -0.0070983581 0.2492084036
0.8842754829 -0.0119936477 0.0856663119 0.4744035876
-0.2079561427 0.1411842624 0.5149096458 0.3457727546
-0.2016943761 0.5911046931 0.1915759692 0.5733399433
0.4907997755 0.1108015881 0.1387967895 0.6614781875
0.5499934100 0.5039264833 0.0655961678 -0.3131549856
0.2179203012 0.2973233945 0.3156703679 0.3342816123
0.1565894640 0.1529953714 0.2777905331 0.0321353334
0.4849733164 0.4388387708 0.3641522625 0.2532478093
0.3332660600 1.0132271559 0.1974960167 0.4597577764
0.3880713563 0.4707819422 0.5295962369 0.4094688784
0.1580256166 0.2622509702 0.3683561576 0.2227428891
0.2737375070 0.5532800096 0.2887097426 0.5713068849
0.3861046031 0.4419296352 0.4706392457 0.4088000616
0.0740602179 0.2907674687 0.3771541492 0.3160155740
0.2382296240 0.4629821145 -0.0422866953 0.2605629746
0.3365095581 0.9298370819 0.0040196549 0.3054614584
0.1821090844 0.3763845506 0.2374641185 0.4573934798
0.2051943271 0.1257988651 -0.0985974069 -0.2384575178
0.2780492430 0.1673746275 0.1443500351 0.2756117607
0.1264941495 0.3875422793 0.1230586674 0.1092912808
0.3791323031 0.4287913910 0.0386174747 0.3275855629
0.3908060531 0.2450834868 0.2539984449 -0.2332125884
0.1122005254 0.2501700241 -0.0071218091 0.6252037064
0.5108241722 0.9580691128 -0.0192845391 1.0074732487
0.7433318748 0.8655019384 -0.0391580858 1.1345680718
0.9997347588 0.7553720510 0.0846340080 1.3251494979
0.5828191023 0.8819974731 -0.1471863018 1.1370081995
0.9945123056 0.9470240122 0.0016447318 0.7974301788
0.7842808612 0.8754116063 0.0517499641 0.9531219025
1.1002137958 0.9814416481 -0.0606366435 1.0260448406
0.8231211140 0.9121896857 0.1900377246 1.1521535110
0.8362400961 1.2109783020 -0.0832369322 0.8586743360
0.8611704064 0.7513429885 0.0589383576 1.0284804784
0.8647106705 0.6930219726 0.0604559248 0.9588746494
0.6654111529 0.7664228907 0.2342785008 1.2260560782
0.6413847661 0.8868441427 -0.1820571953 0.8544687819
0.7534343267 1.0436877651 0.2977049670 1.0554974084
0.6290442034 0.7366300965 -0.1588870197 1.0032692540
0.8789758947 0.8817967702 -0.2107945194 1.0369572299
0.7992802538 1.0471670119 0.1396784240 1.0400057870
0.9014749914 1.1403481428 -0.2057759466 0.7794343273
0.6416466717 0.6745089131 -0.1427683915 0.5466095514
0.6879756855 0.7608122098 -0.0560011618 1.0007609591
0.7977114148 0.8785191700 0.0639427307 0.8294814556
0.6407390271 0.6919355504 0.1809699397 1.2751593269
1.0079860958 0.8808358623 0.1992877169 0.7393352867
0.5143748059 1.1035867095 0.1259322630 1.0950201713
0.9306994480 1.2065901933 0.1639811493 1.1261896297
0.7395379152 1.1206250329 0.0820839780 1.1469207680
0.7790435009 1.0278594705 0.0469738087 0.9878175836
0.8492999466 0.7239867256 -0.1135359788 1.0340020504
0.8293175681 0.8554276281 0.0397657528 0.9141657078
0.7123865995 0.8616544121 -0.3742719842 1.1522908035
0.8872091362 0.7365954597 -0.0481820337 0.7379550516
0.6880029238 0.9184054177 0.1088571576 1.1194010614
0.7203031925 0.9335027236 0.1818212298 0.8538450846
0.8084157754 0.6755416860 -0.0386420994 0.9117212380
0.7205161220 0.9578768597 -0.1506120507 1.2575906240
0.7743065304 0.9105986520 -0.0760338649 1.0320042447
0.9360890173 0.9412935273 -0.0533001098 0.8390665610
0.7478955425 0.7704985265 -0.0232556793 1.1228603079
0.6056767033 0.9801051417 -0.0346387187 1.1799032746
0.7554103433 0.8864845826 0.1382496563 1.1341663744
0.6571888750 0.7680151436 0.1704984657 0.9888391450
0.9204353423 0.9322411165 0.0356843649 1.0115779149
0.8673651432 0.7645188466 0.2145180022 0.8928171487
0.9142644736 1.0952010710 -0.1287488123 1.0880977957
0.8631109602 0.9144303980 -0.1058564295 0.9639349202
0.8279498689 0.8392268297 0.0831182283 0.9608729941
0.7799180077 1.0461458804 0.1497462625 1.0272383663
0.7111203541 1.0747802160 -0.2445130472 1.2226406044
0.8562353884 1.0730961386 -0.1338050101 1.2018960864
0.7389343719 0.9024011704 0.0670895777 0.7981729985
0.9258019821 0.9242233554 0.0024371117 0.9571780766
0.9471470223 0.8716179999 -0.0336783260 1.0252543281
0.8779362232 0.8758569203 -0.1465492186 0.8974353869
0.6138430867 0.6517416991 0.0200927828 0.9897907475
0.7060769355 0.8688019730 0.0100176551 0.8003929798
0.6092676741 1.0261752928 0.0685386703 1.4595550077
0.5700495748 0.6939237292 -0.0118873929 0.8365329650
0.7034626514 0.9103395756 0.0628254777 0.7738718334
0.8924626758 0.8143282937 -0.1407700798 1.1541287837
0.7085252517 0.9163901998 -0.0602856813 1.0639220654
0.5206085115 0.8243414126 -0.0382761626 0.9833549658
0.8043724549 1.1395440261 0.1794803586 1.0598724461
1.1376284243 0.9741966689 0.2913280927 1.1254754046
0.9598526038 0.8072433113 0.0969368476 1.1782014576
0.9945201960 0.6749067523 -0.1030161796 0.9408689870
0.4786060672 0.9269280277 0.0015264988 0.9424485271
0.7169557825 0.9136067289 0.1233334405 1.3102064378
0.7690562400 1.0328348105 0.0607978704 0.9871724105
0.6827947124 0.8243845897 0.0210620268 0.9911316524
0.7776271607 0.8835443059 0.2307158120 1.0624041454
0.8588574918 0.9414239165 -0.1956651117 1.0723639113
0.9188666136 0.8131566830 -0.1785623120 1.0004534501
0.7138022292 0.9789185906 -0.0633816488 1.1182222075
0.7289215107 1.0966686082 0.0849154189 1.0102871017
0.8048581639 1.0188444480 0.2851864320 0.9948036560
1.0268631544 0.7383413570 0.0416912561 0.5925825488
0.9291946019 0.7947016499 0.0227937255 1.0193390471
0.9532220132 0.9468534910 0.1232672026 0.9910903144
0.7726399452 0.8084737796 0.0491372364 0.9147046861
0.8712592935 0.7732477857 -0.0343475003 0.9053261514
0.9311491708 0.9607503377 0.1349819924 0.8964044295
0.6552441467 0.9520666698 -0.2265694463 1.0069659270
0.8493232575 0.8167406814 -0.0994924571 0.9191647982
0.9847386227 0.9218808558 -0.0124527795 1.0022786649
0.7514207945 1.0058674928 -0.0370632564 0.9789515873
0.6805434250 1.1884711323 -0.0839009613 1.1604694248
0.7355386981 0.9569436629 0.0136472875 1.0878313653
0.8273494424 0.8503419606 -0.4822093105 0.7111813303
0.7888946623 1.1152523536 -0.0929485920 1.0508799706
0.9775122207 0.9928125657 0.0085597581 0.8878919360
0.8957566009 1.1440590352 0.1454337304 1.0201010326
0.5831946072 0.9540371841 -0.1549360384 1.1325990780
0.7693268562 0.9839239293 0.0533658073 0.9062559862
0.6707239710 0.8034445310 0.1405230206 1.1139472474
0.7150293312 0.9764781181 -0.1243012986 0.8850571021
0.5731603675 1.0119296610 0.1229310400 0.9280856460
0.5052969385 1.3243980737 -0.0829685948 1.0251301827
0.7078176433 0.8585480445 -0.1092452945 1.1042718862
0.8942929584 1.2954890490 0.0635696976 0.8781488338
0.8174102401 0.9515777427 -0.2379284045 1.0873587013
0.6266448059 0.8389933813 -0.1474358635 1.0959251671
0.5640701707 0.9795014455 -0.0606416085 1.0663912444
0.5613838498 1.1828015538 -0.1056975601 1.1211327822
0.9769997249 0.7812810100 -0.0171459453 0.9066421243
0.7760882557 0.9066675730 -0.1620856246 0.7687964881
0.8163803827 0.7200062781 0.2372885461 1.0818620863
0.6593459046 0.6721104000 -0.1333667478 0.9535694121
0.5568985588 1.0515790260 0.0494451029 1.0567866030
0.6880035328 1.2035158852 0.0073295891 0.9895750343
1.0074011436 0.9877575843 -0.0873410528 1.0528564260
0.7549738063 0.7975134414 -0.0125584169 1.0770364524
0.7613702088 0.8009944722 -0.0504381345 1.0095575406
0.6841723038 0.9825543722 -0.1330478832 0.9142460376
0.6810555062 1.0001397106 0.3470438438 0.9793774234
1.0017384078 0.8971517656 -0.1251692088 0.7708298272
0.9921125547 0.8582467572 0.1512496305 0.4825128078
0.8527403375 0.8778140219 0.1985136674 1.0332606921
0.7873442192 0.7380398428 -0.1728366524 0.9163317439
0.7408725405 0.9246984900 -0.1773405752 1.2420762908
0.7814948964 0.9373700627 0.0958761477 1.2762013029
0.7069675113 0.8651737097 -0.0644589778 0.8396739378
0.7612502043 1.1843495806 -0.0765887477 1.1457060512
0.9230362232 0.7123143313 -0.0561379396 0.9951270923
0.7617317958 0.9665003216 -0.0309635848 0.9995879348
1.0362017820 1.0424226513 0.1746228273 1.1611997837
0.8786861165 0.8113599374 -0.0915892361 0.8698484303
0.9944959027 0.7644704780 0.0803027655 0.9124356612
0.9468975503 0.9555543268 -0.0170672541 1.1232619040
0.7916785253 0.9553272059 -0.1151437609 1.0902362019
0.7765870744 0.8243343497 -0.0041583028 0.8228392014
0.7602535438 1.1036327804 -0.0999088933 1.3765499967
0.8386561731 0.9513084470 -0.1458311195 0.6817778469
0.6908211893 0.7583720334 0.0662085300 0.9901320504
0.6921800895 0.8594657490 -0.1464050991 1.2323199419
0.8821314792 0.7082733268 -0.0617280311 1.1334956696
0.8415583776 0.8607738747 -0.3355524208 1.0106403954
0.7802031142 0.7584295918 -0.2059981686 0.9398791833
0.6463210279 0.8002898199 0.0310109199 0.9283727733
0.8352557641 0.7776658075 0.0598907477 0.7667050446
0.8148969221 0.8098225040 -0.0917777284 0.9603088141
0.8424611915 0.8781903506 0.0140882337 0.9662323170
0.8398505829 0.6394970198 -0.2477358665 1.0053646970
0.5480248176 0.8818793408 0.0280632176 1.0017253842
0.9965959064 1.0082132121 -0.0803079169 1.2030146103
0.8872377811 1.0925988108 -0.0330641955 0.9832062499
0.6763033732 0.8534477169 0.0845616794 0.8041739847
0.7271233102 1.0061851001 0.0433783711 1.0109165813
0.7713621103 0.7806233567 0.0449382904 0.8416352947
0.8522903987 0.9950826225 0.1841607114 0.7385095892
0.8675659897 1.0368385080 0.2160044792 0.8561749042
0.6299774180 0.9671979088 0.0531010509 0.8690583431
0.9423734533 1.0539357390 -0.1309977777 1.1350758906
0.8514756426 0.7106303268 0.0154444160 0.9856622547
0.7003325053 0.7691310755 -0.2711716208 1.0898252431
0.8151949053 0.8499797070 -0.0158757231 1.0294784407
0.7599389053 0.7494237649 0.1547285297 0.8528317889
0.6693691711 1.0264433713 0.1361144373 1.1746983096
0.9295711398 0.9191306572 0.0256375309 1.1040846582
0.9016001625 1.1024722619 -0.1409360186 1.1833185974
0.7865631385 1.1896153787 0.1531181370 0.9256514605
0.6611156403 0.9895050950 0.0344521548 0.9914591036
0.8623367522 0.7598306884 -0.2024620474 1.0699463085
0.5949459261 0.7752826463 -0.0366770046 1.0493053803
0.7554725547 1.1281850559 -0.3532885606 0.9285797200
0.5946631627 0.6560006584 0.1428678267 1.2603749068
0.8521541268 0.7304701206 0.2440392713 0.7279391206
1.0941354824 0.0675196007 0.1715514696 0.4370141143
1.0781655227 0.1964507985 -0.1339248108 0.5521347678
1.1702705123 0.0771962691 0.2295094244 0.5427995830
1.0002905972 0.0208439081 0.0249631055 0.5648511099
0.9278290579 0.0723900328 -0.0459721924 0.4235994945
1.0869792729 0.0003601840 -0.0253736318 0.4666974918
0.8952784319 -0.0994577994 0.1322871161 0.6065561849
1.2322223356 0.0784793368 -0.1120084387 0.5969602539
1.0155603186 0.1771444951 -0.1023506916 0.7092159097
1.0369193835 0.0325756689 0.0254325512 0.4881458687
0.9998848313 -0.0394299952 -0.0140507317 0.3750693173
0.9326744016 -0.0009318691 -0.1333181848 0.4174058840
1.0348233266 0.0086410744 0.0268759086 0.4663604522
1.0697490402 -0.1028139239 0.0562590782 0.4950259822
0.9660190003 0.0643985040 -0.0146516385 0.3208232159
0.8388661153 0.1302548469 0.0561293389 0.3821050733
1.1539673175 -0.0001360521 0.0820243202 0.5047701374
1.0321093351 0.0084873030 -0.0600268980 0.5163157387
0.9021263067 -0.0624674236 -0.0334899293 0.5559504060
0.9985877985 -0.0498975910 -0.0399552242 0.5549780624
0.9809524953 -0.0077031285 0.0174286071 0.5521996699
1.0800164370 -0.1039902962 -0.0457511805 0.3156006902
0.9967106456 0.1095651183 0.0748693722 0.4219882361
0.9125101045 -0.0346591721 -0.0551707169 0.5086265564
1.0714657398 0.1414265893 0.0392580878 0.4622656762
1.0642687850 -0.0496568840 0.0674404158 0.5121356865
0.8881140804 -0.1127430251 0.0756627299 0.5808838319
1.0963805352 -0.0147743363 0.0525299299 0.5224708781
1.0270207421 0.2160828027 -0.1040015643 0.6043224476
0.9180198231 0.0245113415 0.2681000204 0.6370315783
1.2919137409 0.0770975842 -0.0645526764 0.4868604747
0.9201401768 -0.1092142254 -0.0977269140 0.4243405986
0.8838845239 -0.0090602622 0.1372162249 0.6778217945
0.8563080006 0.1312833507 -0.1054608015 0.5896986660
0.9754125829 0.0768011158 -0.0659576362 0.4604717311
1.0475995729 0.1151050112 0.0446555227 0.5579077789
0.9690077372 -0.0133489404 -0.0969188731 0.4781987714
1.0879020838 0.1064919609 0.0705614738 0.5991402953
1.0546743932 0.0179593322 0.1086858387 0.4707087162
0.9072713863 0.0143559745 0.0301775917 0.2643536577
1.0144513063 -0.1538328105 0.2242658120 0.5163306343
1.0405674189 0.1958066213 0.0015849352 0.3579299630
0.8943638801 -0.0897270530 0.1033466168 0.5233755620
0.8893587348 0.0719075746 0.0637393597 0.4276925581
1.1898113027 -0.0709848234 -0.1581947262 0.5909736554
1.0091071659 -0.0945317319 -0.0604441667 0.4520371405
1.0952116480 -0.1676055655 0.0711138769 0.5461303237
1.1635903826 -0.1703584559 -0.0915893333 0.5723157121
1.1343774782 -0.0794730168 -0.0500011525 0.4567470341
1.0433988194 -0.1214824904 0.1124444407 0.5637693584
1.0151187867 0.0072887382 -0.0425726327 0.5056741963
1.0685439898 0.1356617228 0.0370924201 0.5917584612
1.2046452007 0.0234587137 0.0631249598 0.5254983901
0.9796681264 0.0911592583 -0.1088894632 0.3019687421
1.0614671676 -0.0672229033 0.0395535346 0.5200747188
1.1180997950 0.0822507755 0.0084093082 0.3942393857
1.1211396374 -0.0265035264 0.0988465686 0.5191238604
1.1645291527 0.2056691541 0.0097980406 0.5734694454
0.9821892065 -0.0090737219 -0.2531293463 0.4767629581
1.1826740800 -0.0627232656 -0.1690519402 0.7092146621
1.0743019816 -0.0275658717 0.0447599900 0.4882908874
0.8698142325 0.0199555689 -0.0824936662 0.3819176672
0.8551761796 -0.0411060092 -0.2168429168 0.4547977376
0.9673565477 0.0799297291 -0.0055026408 0.3947184604
1.0111957360 -0.0665039243 0.0049151599 0.6340760644
1.1046268223 -0.0225600494 -0.1783519834 0.5754134367
0.9601485338 -0.1229945058 0.0449025970 0.6116211894
1.0019362105 0.0759325075 0.0573499410 0.3979456154
0.9593829314 -0.1610958716 0.2211101250 0.3838014024
1.0200056987 0.2065080275 -0.0601344061 0.4761703472
0.9075916876 0.0376756086 0.2483253544 0.5133285534
0.9252256008 -0.0364192075 -0.0844071588 0.3786989317
1.0789056830 -0.0055994212 0.0611455453 0.3882553814
0.9241679258 0.0180175147 -0.0754174600 0.4631139282
1.0902743184 -0.0519644157 0.0323732637 0.4467443178
0.8966581382 -0.0943276966 0.0576773920 0.6675891455
1.1121975326 0.0146643266 0.1407592873 0.3705494376
0.9400524416 -0.0387865796 0.1679164531 0.3796524959
1.0644285366 0.0915796478 0.0645760773 0.6036361618
1.0578273593 -0.1019786737 0.0637623980 0.5142664096
1.0503005866 -0.1484070187 0.0666168909 0.5427926352
1.2205827666 -0.0256064580 0.0895072924 0.5142410751
0.9658813148 0.0170202723 -0.1675389083 0.1992113158
1.0367163716 0.0643254076 -0.0175425035 0.5541462343
0.9589522261 -0.0018828925 0.2251915936 0.3945859757
1.0805291690 -0.1030468859 -0.0079626859 0.4403774035
1.1146264182 -0.0031754174 0.1225987163 0.3846697474
0.9482632113 0.1306479282 -0.0723772276 0.3523616303
1.0054258550 -0.0725594454 0.0023043301 0.5953149201
1.0767234103 -0.1724457802 -0.1939729343 0.3370197518
1.1793855926 -0.1090892530 -0.0164126213 0.5987364521
1.0304910516 0.0534633556 -0.0263319802 0.6051408067
0.9497292452 0.0182959283 -0.0157301435 0.4466004082
0.9359708760 -0.0310037400 -0.1197633927 0.4939973382
1.0756273874 -0.0922792971 0.1073337536 0.3845073493
1.0574448568 0.0002166560 0.0053105060 0.7076370618
1.1968915744 0.0462196665 0.0133005329 0.4825064015
0.7916123690 0.0469521936 -0.1269232314 0.7472526440
1.1028352874 0.0174324057 -0.1726848623 0.6863827456
1.0633127952 -0.0328581029 -0.1384703345 0.4607055043
1.1080518475 -0.0702542149 0.0607046548 0.6313066018
0.9213279403 0.1743411594 -0.1975790780 0.4432845323
1.0701075957 -0.0062186116 0.0063351843 0.6862556493
1.0101899961 -0.1835759503 0.0895989018 0.5523163269
0.9838510772 0.2291235083 0.1099767011 0.5319197491
1.0803037455 -0.2698837097 0.0000934971 0.4599534565
0.8902872868 -0.0783210936 -0.0131883647 0.5976851885
1.0560979297 0.0059116768 -0.0507710964 0.6153159551
1.0254370793 0.2474719964 -0.2163935279 0.5153988173
0.9192954955 -0.0465315825 -0.0107810661 0.3986688052
0.9468160801 0.2053461766 0.0674683229 0.5355106306
1.0464945013 -0.1919456671 -0.0659493670 0.5620571143
0.9843738910 0.0120010561 0.1624628470 0.5219275415
1.0036794919 -0.0347524988 0.0571576460 0.5606080902
1.1247311769 -0.0161688917 -0.0211438214 0.6552698517
1.0092498232 0.1385205723 -0.1214228206 0.5640248757
1.0907788072 -0.1946706347 0.0360578943 0.3470771189
1.0264243271 -0.0547364659 0.0154720520 0.4751184113
1.0782259398 -0.1140418206 -0.0162897975 0.5446311452
1.1097514571 -0.1185619716 -0.0741267284 0.4946879209
0.9973343261 0.0943336475 -0.0850006699 0.5598509693
1.1122959097 -0.0608371228 0.1400075237 0.3861937082
0.8406368649 -0.0227382569 -0.0337616854 0.3940021922
1.0565934273 -0.0249334512 0.0326246648 0.5458051418
1.0583466930 -0.1863538487 -0.1940351248 0.3990188072
1.0605406121 0.0477791738 -0.0496293082 0.5675242742
1.0805698685 -0.0872629682 -0.0640360789 0.5934367384
0.8956849521 0.0103318729 0.1821487252 0.4817457240
1.1081280111 0.0122678199 -0.1492223136 0.5026257598
0.8233536929 0.1293252475 0.1380516711 0.3590307432
0.9448550625 0.0927670765 0.0342927801 0.5522711624
0.9826539627 -0.0062940543 0.0273485625 0.6671756897
1.0248876456 0.0532779229 -0.0972359569 0.4130119339
1.0127856458 -0.0335975330 0.0479494802 0.6406899997
0.8093466542 -0.0490609230 0.2157251834 0.5920025103
1.0423775612 0.1248531578 0.1006165146 0.5045964973
1.0194815622 -0.0489065615 -0.0063857428 0.4963649738
0.9095496789 0.0511756681 0.0505171247 0.4100246454
0.9360575100 -0.0402604153 0.0374309289 0.4980498594
1.1311380628 -0.0453379861 -0.1291238424 0.5467052121
1.0499010656 -0.1485424283 -0.0279230578 0.4871077185
0.8974617254 -0.0267635134 0.0190367934 0.3863992831
1.0301399119 0.0195613763 -0.0585957139 0.6272883594
1.0002104659 0.1080823167 0.0006539859 0.6981459386
0.9510554110 -0.1766808983 0.0032966527 0.6268419124
0.8818738212 -0.1125920383 -0.0916475939 0.3442458534
0.9438723913 -0.1331168557 -0.0514191457 0.4731514802
1.0030440731 -0.1951416583 -0.0060886632 0.5367308214
1.0728293214 -0.0259430375 -0.1477436078 0.4340949768
1.2181854743 0.0120355394 0.1126054613 0.4829281410
1.0383502270 -0.0204483650 0.0014685458 0.6480937637
1.1199621949 0.1273987410 0.2179549146 0.5292775226
0.9478857286 -0.0158166743 0.1781008130 0.5637971209
1.0198776855 -0.0123243412 0.0676243002 0.5077671767
0.9234070778 0.0976006763 -0.2098664811 0.6446335120
1.0717072243 -0.0381169159 0.0338912731 0.5105180186
1.0490287015 -0.0134715833 0.1449650221 0.5065786758
1.0502326609 0.0907388402 -0.1634644562 0.5831146344
1.0082108943 0.1874277100 -0.1225702454 0.3597171794
1.1061204879 0.0171297249 -0.0701781970 0.4576648803
1.0376515438 -0.0895870099 0.1118037693 0.4843948445
0.8651072680 -0.1182364525 0.0670182346 0.4867117682
0.9167016302 0.0507076295 -0.2565370120 0.5628242965
0.8390026294 -0.0591006733 0.1048433500 0.4764390239
1.0513104809 0.0318218233 -0.0844998153 0.5729268616
1.0769706035 -0.1202545401 0.0140037430 0.5881629757
0.0140807247 0.8593303859 1.0384535484 0.0338462202
0.0466405529 0.9031909535 1.1093659951 0.0142260134
0.0695219479 0.8935090128 1.0291798520 0.2638282103
0.0440236442 0.7880990839 1.0619869622 0.1590506407
0.0150980747 0.9422369766 1.0293013872 -0.0327110556
0.0302396393 0.9823777162 1.1939156942 0.0295344939
-0.1187847111 0.8067487597 0.9328860082 -0.0314274531
-0.0374252715 0.9127711313 0.8984667291 0.0998741292
0.0557857544 0.9193299316 1.0029059229 0.0795121957
0.0193053737 0.9609922365 1.0109994373 0.0764946644
-0.1626726790 1.0228998753 1.0042548153 0.0833364959
-0.0250498712 0.7806485703 0.9857084505 -0.0526296691
-0.0352268421 0.8802068850 0.9585681092 0.0126246645
0.0168643349 0.9993481176 0.9621455580 0.1286266160
0.1482536698 0.8245718461 1.0267244169 -0.0203040235
-0.2499658797 0.9019077957 1.0338012396 -0.0971184680
0.0628064424 0.9115846404 0.9940587081 0.0154762740
-0.0183788050 0.7749743449 0.9983654798 0.0202120293
0.1298361555 0.8522413144 1.1452561909 -0.0083436500
-0.0205467729 0.9058049743 0.9777529877 -0.0069536244
0.0525985775 0.7143582809 1.0233442700 0.1106573334
0.0969810847 0.8537791786 1.0928275747 -0.0106701387
0.0410368836 0.9554740651 0.9464703144 0.0764809849
-0.0586524929 0.9931007997 0.9385192320 -0.1005404254
-0.0144339443 0.8573878632 1.0345116468 0.1004237671
0.1131582407 1.0626121689 1.1107587368 -0.0204294142
0.0930105213 0.9217797123 1.1372028116 -0.0065564750
0.1555172434 0.9549938176 1.0505321075 0.0528870676
-0.1463570046 0.9379535038 1.0390772182 0.0226067665
-0.1367983831 0.9164065434 0.9604818332 -0.1087548169
0.0709230976 0.8639045423 1.1448264506 0.0273242221
0.0437914384 0.8741616100 0.8905596176 0.0649103850
0.0871475875 0.9377762188 0.8544009634 -0.0279396224
0.0592878844 0.8725731623 1.0123770491 -0.0785987835
0.1062684325 0.8577422124 0.7735717313 0.1728324325
0.0189893871 0.8235111710 1.0468517984 -0.0163039237
0.1307519340 1.0162945107 1.1804962914 0.1312123440
-0.1477475159 0.9001072384 1.0960795094 0.0223034591
0.0533332315 0.9151590495 0.9964109700 0.0304491795
-0.0730171887 1.0005191134 0.9833655357 0.0332948026
-0.0797175010 0.8887802499 0.9790974077 -0.0382215094
-0.0720509163 0.8757330585 0.9668909170 0.0331342777
-0.0411469073 0.9261334166 0.9101954686 0.0679482050
0.0199999043 0.9659103651 0.9564557447 0.0210693650
0.0337516920 1.0398345059 1.0247702849 -0.0127509506
0.0121279557 0.9950842169 0.9199033739 0.0243211607
0.1841211361 0.7667726496 0.9737178260 0.0910552696
-0.0212132139 0.9059695465 1.1127075179 -0.1633433829
-0.0282169751 0.8991648035 0.9219111359 0.0508208160
-0.0663253728 0.9293027782 1.0409418925 -0.0413645480
0.0956674852 0.9078801523 1.1636397249 -0.0453073321
-0.0505329355 1.0169902311 0.9506310519 0.0553234441
-0.0316586943 0.7856351298 0.9447281321 -0.1320952580
-0.0270770353 0.9109544810 1.1184513092 -0.0469641918
0.0383885468 0.8981636262 1.1282209665 -0.1462333521
0.0574087577 1.0008886153 1.0268264534 0.0709573583
-0.0708372006 0.8603843570 0.9898426758 0.0521259759
-0.0238330792 0.7956417091 0.9278338724 0.0130251966
-0.0476795992 0.9621600870 1.0759743115 0.0150659790
0.1548114964 0.9114846666 0.9338966000 0.0647958425
0.0590958412 0.9141549160 0.9178624402 0.0485291880
0.0462272618 0.8987227160 0.8942365512 -0.0047841961
0.0466854168 0.8703994882 1.0723853001 0.1715519967
0.0995592505 0.8093645161 0.9403742977 -0.0024954336
0.0293288830 0.8411183836 1.0023568826 0.0020186630
-0.1417776512 0.8415522795 0.9847814869 -0.0619143936
0.1409431783 0.9637374437 0.8878212359 -0.1369236180
-0.0202357312 0.8306235849 0.9755824691 -0.0986954088
-0.0047901893 1.0504742321 0.9709939792 -0.1118011332
0.0040200444 0.8765193064 1.0321427690 -0.0570044382
0.0798395936 0.8689385614 1.0132186066 0.0772397177
0.0349422710 0.8930727824 0.9066647009 -0.0106962324
-0.0845033931 0.7907363726 0.9082041067 0.0781883277
-0.0184623807 0.9654171416 0.9440008147 0.0273315426
-0.1396809795 0.8475306678 1.0168766268 -0.1055266474
0.0323964264 0.8845761148 1.0521970909 0.0228656659
0.0564994096 1.0395021090 1.0030894863 -0.0146188961
-0.0299472884 0.9556277777 1.0800513994 -0.0317779855
-0.1456852740 0.8498393721 0.9355317407 -0.1380897294
0.1342190207 0.9513020402 1.0848424565 -0.0203685337
0.0735901536 0.8436914168 0.9831159398 -0.1327257071
-0.0405970639 0.9268181182 0.9475217001 -0.0755917093
0.0112781177 0.9603310027 1.0658886381 -0.0735840108
-0.0019997692 0.8379388707 0.9463765235 -0.0648126037
0.0395525924 0.8658100526 0.9896248823 0.0856323194
0.0124246495 0.9651797509 0.9004129251 -0.1156920095
-0.0502583622 0.7601577978 1.0943515676 -0.0182885482
-0.0725879490 0.7312289195 1.1114435801 -0.0847961457
-0.0183458465 0.8124724344 1.0242160965 0.0002201599
0.0183715855 0.8123473498 1.0228614258 0.0833965904
-0.0661361545 0.8955257038 0.9599775264 -0.0116630533
-0.0017215965 0.8878780752 0.9408073471 -0.0168074229
0.1064497701 0.9378338832 1.0030064506 0.0566516613
-0.0767607059 0.8711805013 1.1424452888 0.0404072581
-0.0387951837 0.8244834675 1.0294051040 0.1226984340
0.0106246441 0.8959231695 0.9974753873 -0.0647094554
0.0860394914 0.9641624225 0.9887257878 0.1573375827
0.0063844594 0.8554036230 0.9627470130 0.0319798931
-0.0207021750 0.9802873204 1.1937549764 0.0356651991
0.0147842724 0.8285700834 0.8733525255 0.0359049678
0.0842756491 0.7386845893 0.8955896328 -0.0461437155
0.0534647838 1.0226863237 1.0056256214 -0.0357830155
0.0544253590 0.8454351555 0.9922931817 0.0380754899
0.1436420225 0.8183532366 1.0767934771 0.0627349113
0.0393643789 0.9465039744 1.1020270737 0.0553464149
0.0495094809 0.9237707832 1.0498002256 0.0296024024
0.0278872529 0.8183892993 0.9391041098 -0.0763999345
0.0006595214 0.9105570926 0.9838291426 0.0267577984
0.1181311683 0.8364600101 1.1926721480 -0.0411456727
-0.0848813423 0.8906476242 0.9354788073 -0.0661442306
0.0427042900 0.8809655009 1.1041793572 0.0746200519
-0.0017693394 1.0260178138 1.0312180641 0.0543243816
-0.0318982171 0.8396816097 0.9906825259 -0.0575587877
0.0194929544 0.8127729711 1.1531301977 0.0509282921
-0.1888148008 0.9986556789 0.9908802519 -0.0253323020
0.0279179258 0.9198476394 0.9057169347 -0.0146186377
0.0584444545 0.8550529629 0.9189614961 0.0262754553
0.0740475185 0.9116729880 1.0778983773 -0.1280454405
0.0515941168 0.9442389384 1.0383093758 -0.0701393425
-0.0468744749 0.8243934255 0.9943003673 0.0973190051
-0.0197415468 0.8292845315 1.0964509458 0.0891896139
-0.0618921802 0.7929111908 0.9099943237 -0.0199585814
-0.1130157244 0.9731875096 1.0140537647 0.0660390245
-0.0722545845 0.9081420363 0.8617133653 -0.0824268086
-0.1508947941 0.9494688325 1.0939094673 0.0501591593
-0.0186202271 0.9112309537 0.9324880874 -0.0191344235
0.0695805284 0.9630575309 1.0072350994 0.0088925818
0.1050752602 0.7711849510 1.0028379709 0.0452550171
-0.0842654869 0.8822368384 0.8999740367 0.1009514440
0.0123455977 0.8870134627 1.1006142246 -0.0376929140
0.0790662757 0.8954938475 0.8728245258 -0.0024892206
0.0286106475 0.9283515177 1.0061339696 0.0054903694
-0.0604441487 0.8812345490 1.0507725460 -0.0139079525
-0.0143266946 0.8362467966 0.9592655945 -0.0475475053
-0.0730053131 0.9242483667 1.1978478453 0.0153808241
-0.1106904207 0.9768456332 0.9463807956 -0.0564030405
0.0017535610 0.9963144278 1.1520212489 0.0294855591
-0.0609172779 1.0524585579 1.0144005518 0.0215065133
-0.1012585562 0.8978851082 0.9616777536 0.0360435981
-0.0476935642 0.9601908742 1.0162284571 0.0737682194
-0.1264946618 0.8555329274 0.9410554628 -0.0688132509
-0.0106687903 0.8055240770 0.9184779278 0.0660581341
0.0177775034 0.9258159486 0.9094085607 0.0403033701
-0.0255705736 0.8600757983 1.0692186473 0.0651299321
0.0161199079 0.9806017389 0.8989199187 0.0511000918
0.1489290462 0.7938410350 0.9016987697 -0.0031117430
-0.1683887862 0.8524177301 0.9989016617 -0.1169310212
0.0464905928 0.9122582785 0.9342921992 0.1246231132
-0.0652963099 0.8479888047 1.0733784853 0.1215747817
-0.0670657738 0.9993928592 1.0050900265 -0.0100595982
-0.0597951270 0.7679088094 0.9201565536 0.0145030897
0.0022348770 0.9223775410 1.0904618358 0.0399683863
0.0331587599 0.9279501885 0.9770659785 0.0205417291
0.0991617323 0.8603326224 0.8834311700 0.0647984494
0.1899988975 1.0857667755 0.9691127469 0.0287964519
-0.0395252852 0.8390262815 0.9911495018 -0.0523577645
0.0089724554 0.8211786676 1.0089116019 0.0788465499
0.0351478372 0.9019142264 0.9405452170 -0.0470531078
-0.0505925847 0.8373869139 0.9927769367 0.0695085959
-0.1541673799 0.9427023182 0.9521670437 0.1034003513
-0.0268878903 0.9475796616 1.0065186558 0.0014356856
0.0221612509 0.7958499096 1.0146610733 -0.0798371340
0.0139056110 0.8259067437 0.8704809076 0.0455612055
0.0415668876 0.9523269313 1.0728019286 -0.0839188309
0.1047482309 0.8158021563 0.9688095978 0.0300189687
0.0606965297 0.9680917551 1.0113466006 -0.0016456783
-0.0750427978 0.4676959096 0.8324921747 -0.0631112123
-0.0867510713 0.5578707396 0.9043795369 0.0772601189
-0.0956588282 0.5103006039 0.8882898199 -0.0001903054
-0.1343143362 0.5211704384 0.9182139910 -0.1268199748
-0.1254341497 0.5056928059 0.9531321196 0.0417009606
-0.2313685950 0.4501874070 0.9257243629 -0.0066848035
-0.1191791879 0.5961281736 0.9015490384 -0.0839538585
-0.0609145626 0.4937735044 0.6985839927 0.0142163399
-0.1556474184 0.6005216266 0.8804533685 -0.0343421367
-0.1470596956 0.4914101463 0.8807589883 -0.0158402817
-0.1384701806 0.4637952981 0.9221743912 0.0833169340
-0.1724222047 0.5025674611 0.8724198978 0.0507337174
-0.2015298580 0.4789207507 0.9132687254 0.1046564976
-0.0899484320 0.4799691303 1.0239292178 -0.0498930642
-0.1931305671 0.5531668788 0.8610963835 0.0068440420
-0.1290905646 0.5842297464 0.8016157543 0.0005187636
-0.1516608878 0.4855880338 0.8569440237 0.0556432736
-0.1630810485 0.5819257077 0.9575168452 0.1065462021
-0.0610745228 0.5035491036 0.9702028109 0.0184943542
-0.0615985761 0.5447460939 0.8475585744 -0.0107219421
-0.0867868398 0.4674869879 0.8514873293 -0.0943553829
-0.0504776841 0.4994829678 0.8794401437 0.0591689504
-0.1665863524 0.4405483804 0.8492077779 0.0009995441
-0.1158996382 0.5903309957 0.8085120357 0.0193669572
-0.0558609615 0.5780472007 0.8590957417 0.0531484708
-0.0176193676 0.5289031951 0.7282490049 -0.0347248663
-0.1269818549 0.4109774196 0.8076749174 -0.0002368741
-0.1191355220 0.4025536770 0.7889915547 -0.1414765733
-0.0901716587 0.5015117075 0.9887483977 -0.0127955963
0.0075510085 0.5335956364 0.9577079509 -0.0055456379
-0.1946235857 0.5835347364 0.9656031630 0.0231532713
-0.0746544628 0.4475735732 0.8910730292 -0.0575106148
-0.1614850852 0.4444989148 0.8781100114 0.0818703325
-0.1692557677 0.5440848594 0.9557892495 0.0431536496
-0.0486527829 0.4763439232 0.9922408014 -0.0010920539
-0.2523988798 0.4897221172 0.8337019971 0.0287250509
-0.1055613115 0.4095245055 0.7738174024 0.0307022859
-0.1248216651 0.5290400327 0.8756197940 0.0336815617
-0.0438386515 0.4919991904 0.9508136372 -0.0771962895
-0.1238984387 0.4014436751 0.9475574167 -0.0055633775
-0.1338937523 0.5664076717 0.8452610532 -0.0057344079
-0.0746625418 0.5076437218 0.9503631357 0.0667624983
-0.1298390852 0.4420315648 0.8488419609 -0.0315664734
0.0181276119 0.5049207796 0.8674101287 0.0255149060
-0.1479508106 0.5941290769 0.9389379439 0.0173343629
-0.1249650488 0.5104839887 0.8394141866 -0.0124435483
-0.1401060751 0.4100040254 0.9152214475 -0.0606680922
-0.0238812558 0.5446764290 0.8831198489 0.0011096515
-0.1673940797 0.5379668534 0.8321825474 0.0490434988
-0.1063636431 0.4975067031 0.8841159379 0.0471133970
-0.1734559786 0.5232639084 0.9543439671 -0.0238370950
0.0020370831 0.5211890167 0.9909061734 -0.0564360672
-0.0710516731 0.4333117302 0.8609879861 -0.0176770954
-0.0768237037 0.4704038411 0.9280363046 -0.0881536245
-0.1184643704 0.4894262067 0.9349036707 0.0092717908
-0.2187884026 0.4674230836 0.8603935714 -0.0337965814
-0.1218119989 0.4447358389 0.7919608351 0.0037340083
-0.1407109077 0.4942964206 0.8732802588 0.0748578995
-0.1377171344 0.4332786107 0.7291488786 0.0206242657
-0.0858299942 0.5698709603 0.8597543287 0.0458110213
-0.0714016534 0.3662998274 0.9442015640 0.0097690049
-0.1307319768 0.5536208953 0.8698691613 -0.0198468899
-0.0694762184 0.3995037378 0.8553700331 -0.0406765948
-0.1454060622 0.5104421809 0.9484646627 -0.0787069825
-0.1794412401 0.3375334684 0.9382943254 -0.0060474187
-0.1170073177 0.5074602137 0.9773304234 0.0433914919
-0.1414516977 0.5548009464 0.9461660529 -0.0471769534
-0.1116113388 0.5412039397 0.8753807236 -0.0974474583
-0.1600539324 0.5216667762 0.8700541705 -0.0189321570
-0.1157435395 0.6048797640 0.8870841863 0.0230801998
-0.1183998158 0.4499207056 0.8782567551 -0.0223632091
0.0028522817 0.4953113632 0.8138457002 -0.0507099917
-0.1169195234 0.5743499461 0.8342144838 0.0788482285
-0.0030302947 0.4789241862 0.9224980397 0.0648493248
-0.0205017032 0.4786447395 0.9036608605 0.0040616545
-0.0206380223 0.3917777257 0.9639749876 -0.0407941296
-0.1935284087 0.4641042267 0.8957717384 -0.0311610899
-0.2098973649 0.6329224446 0.9991236764 -0.0203067982
-0.0140826449 0.5122459304 0.8899984744 -0.0621784701
-0.2203392231 0.5932267745 0.9918265661 0.1475625336
-0.1958119264 0.5705091574 0.9540336989 0.0048425936
-0.0290506559 0.4792789356 0.9056543879 0.0081281856
0.0003601440 0.4908214660 0.9273607097 -0.1321931555
-0.1107424117 0.5771101161 0.9487526979 0.0595946476
-0.1276294867 0.5579475443 0.8194016974 -0.0372293471
-0.1692404171 0.4411438307 0.9084778522 0.0009767435
-0.0597679358 0.3816111716 0.8167481282 -0.0665741952
-0.0409183138 0.4774670011 0.8972266644 0.0962146764
-0.1918702123 0.5540710204 0.8774193380 0.0110205368
-0.0521741318 0.5492064531 0.9269484632 0.0600089823
-0.0013578411 0.4854112440 0.8741563774 -0.1476005123
-0.1003716281 0.5133712986 0.8989083890 0.0367030565
-0.0150286904 0.4916584597 0.8828093130 0.0057095569
-0.1025721297 0.5104538062 1.0288403163 -0.0300107238
-0.1430909599 0.5528678300 0.9343779187 0.0096959975
-0.1846280220 0.4930890259 0.9445708383 0.0384488070
-0.0908167252 0.5068053572 0.8991270465 0.0159483510
-0.0307527057 0.5300968910 0.8636317931 0.0020286059
-0.0496104301 0.4713198608 0.8493756544 -0.0332133531
-0.1253965857 0.5429068518 0.7868987638 -0.0247594608
-0.1732861554 0.4387620178 0.8582925598 0.0152315970
-0.0787175275 0.4911777482 0.9460592102 0.0364430374
-0.0394010001 0.5216471410 0.9510509657 0.0012407574
-0.0868517590 0.5890417019 0.9295502723 -0.0038677427
0.0012691706 0.3792261714 0.9971267389 0.0973312583
-0.0880404344 0.4827929217 0.8740999049 0.0210183831
-0.0466813731 0.4432554136 0.8864214940 -0.0825890543
-0.1286362864 0.5543155844 0.8946608058 0.0084261071
-0.1190639326 0.4639340473 0.9727982620 0.0659287542
-0.1843796930 0.5692290708 0.9557942990 -0.0850001825
-0.1769225438 0.5172429527 0.8389909746 0.0328802654
-0.1038195843 0.5122704423 0.9273242618 -0.0463770750
-0.2338028987 0.4611541977 0.9837462292 0.0006498454
-0.1248768901 0.4995836027 0.9289462084 -0.0500793321
-0.0314138225 0.6177534254 0.9571790096 -0.0485809234
-0.1214039228 0.5774903374 0.8951784118 -0.0899984404
-0.1322521962 0.5341858444 1.0146521355 -0.0472844204
-0.0646405615 0.4184269627 0.8758929237 -0.0495343133
-0.1906079240 0.3914345924 0.8598896749 0.0125132298
0.0281252290 0.4239753192 0.9050930633 0.0631941779
-0.0862714156 0.4554474415 0.8800160088 0.0043735789
-0.1435675342 0.5580944839 0.8775880664 -0.0572841520
-0.0790787779 0.5046578262 0.8531775618 0.0788282422
-0.0813594570 0.4300120043 0.9455326691 0.0519455469
-0.1291541812 0.4924353963 0.8365378812 0.0201742303
-0.1372931780 0.5699228633 0.8785366252 0.0210391336
-0.0074615185 0.4570182639 0.8660785436 -0.0825495599
-0.1537410323 0.5796132102 0.9519688695 0.0273815881
-0.0701653565 0.5016273539 0.9323445738 0.0405775271
-0.1837897994 0.5787822972 0.9702675484 0.0752319839
-0.1473405381 0.4844082558 0.9266602738 -0.0826619182
0.0058119923 0.4536658982 0.8277088208 0.0687243029
-0.1268836051 0.5718668377 0.9672550099 0.0262578036
0.0128927463 0.4536818769 0.8895931493 0.0191764356
-0.1531853517 0.5536430776 0.9010492028 0.0242708251
-0.1073170025 0.5076862764 0.8983546631 0.0073411006
-0.1031572063 0.4764538828 0.9313217559 -0.0854944802
-0.1565488743 0.5573002977 0.8872965656 0.0664967095
-0.1722291589 0.5255881208 0.8836165260 0.1160959691
0.0126163279 0.4945579380 0.8400928352 -0.0308768141
-0.0311788289 0.5110521445 0.8439826833 -0.0204896601
-0.0686469216 0.4104192705 0.8808299935 0.0154695618
-0.2174603294 0.5291297427 0.8637566230 0.0392541293
-0.1329932904 0.4583578876 0.8176668274 0.0202614356
-0.1362880893 0.5052028132 0.9817498599 -0.0916811928
-0.0148346022 0.4184980573 0.8987137149 0.0331627754
-0.1142437592 0.5710728640 0.8757999737 0.0524898157
-0.1172975045 0.4164307686 0.9220169461 -0.0487812670
-0.0291013539 0.4551900014 0.8755908534 0.0377421684
-0.1322169841 0.4805328821 0.9253812242 -0.0075142285
-0.1200279654 0.5367421922 0.7756819976 -0.0026192895
-0.1351058025 0.4437597572 0.9159461144 0.0779807827
-0.1060304195 0.5024939065 0.8264956481 0.0689581870
-0.0195270454 0.4205856060 0.9094900208 -0.0741926694
0.0219951747 0.4838976261 0.8720464121 -0.0444449566
-0.1860269938 0.5688691440 0.8807317028 -0.0327598778
-0.1427504054 0.3869341961 0.9325378260 -0.0178620220
-0.0755259146 0.4599411493 0.8428102275 0.0435230972
-0.0956021604 0.6189645841 0.9094362516 -0.0558189391
-0.0757966734 0.5449113836 0.8120669727 0.0372100725
-0.0921219242 0.4346744678 0.8915105945 -0.0336478419
-0.0060113386 0.5879289425 0.8623319855 0.0859880477
-0.0613452049 0.4847568456 0.9755406710 0.0963650777
-0.0980512249 0.4670807758 0.8760629551 -0.0085528556
-0.0730506975 0.5278772183 0.8568942761 0.0483400320
-0.0648614367 0.4276701051 0.8723544471 -0.0021790484
0.8030801570 0.8838351795 0.6711457513 0.8212576051
0.8205421407 0.7899750185 0.6509730887 0.7999238710
0.8928820806 0.9297579027 0.6783746166 0.6600482721
0.8016214610 0.8961599932 0.8052976079 0.7851885030
0.6902439932 0.8805594982 0.6701409796 0.8990681120
0.8014327818 0.9318559125 0.6830322944 0.8200322137
0.8582158352 0.8677203732 0.7815251994 0.8267564357
0.7635657921 0.8930801757 0.7080801364 0.7780978356
0.6890685732 0.8710903455 0.6648391783 0.8478909182
0.7936200149 0.9138964084 0.8278349036 0.7307090443
0.8851094988 0.8353100880 0.7671386016 0.7762428391
0.8129158403 0.9835184116 0.6801566403 0.8304794181
0.7227698813 0.9082513137 0.8044895810 0.7795790838
0.8061006574 0.7852848255 0.7377308607 0.7558106342
0.7261606102 0.9022094229 0.7285450838 0.8050845626
0.8161838621 0.9345258644 0.7664571368 0.8568373171
0.7734032132 0.8468485285 0.8237476966 0.8197311215
0.8089765857 0.8835847636 0.6765853417 0.7971135318
0.8148988333 0.9940590642 0.6803238300 0.8404081422
0.8670413351 0.8894616353 0.7390825364 0.8274797541
0.8584627968 0.9019230302 0.6874024104 0.7946474300
0.8181870406 0.8580773171 0.7831847097 0.8260270935
0.8038221666 0.8809555529 0.5965669008 0.8909372221
0.8010275811 0.9151490600 0.6156399374 0.8055681318
0.8244361183 0.9322777237 0.6531203562 0.7654970460
0.8798667342 0.8378665717 0.6959333877 0.7668874889
0.7905456871 0.8670852300 0.7387627477 0.6947435904
0.7194892865 0.9452005566 0.6687968996 0.8289016705
0.8116799120 1.0473766349 0.8037788165 0.7859926090
0.7577933389 0.9741159110 0.6954604643 0.8751459029
0.7652495988 0.9708839233 0.7296912488 0.7850987405
0.7242580586 1.0016827640 0.6677551538 0.8061150307
0.7365794841 0.8239749719 0.7108319416 0.8729085504
0.7524937121 0.8418203173 0.7718468469 0.6825390117
0.8296596224 0.9158452455 0.6514146933 0.8472398469
0.7343869716 0.9150671231 0.6482672043 0.8625711997
0.7199443437 0.9494326467 0.6514750063 0.8794384509
0.6505630090 0.8421231526 0.6692105841 0.7978648249
0.8660246052 0.8511396518 0.7304050439 0.7995707065
0.8752364381 0.8258930591 0.6991986333 0.8165944073
0.6828512712 0.9329807909 0.6998223563 0.7648746136
0.7542365676 0.9777768670 0.5895262199 0.7226530933
0.8292158546 0.9675243377 0.7465259371 0.7820154527
0.7821574108 0.8410100645 0.7539419450 0.8498128882
0.7611327888 0.9235921463 0.7859728303 0.7947451257
0.8173359703 0.9486316664 0.7250128356 0.7266480968
0.8835810965 0.9004832520 0.6621280166 0.7223734372
0.7837614133 0.9258600961 0.7292490252 0.7269757884
0.8353282489 0.8737213481 0.7328286045 0.8136427104
0.7636317869 0.8361331976 0.7028871436 0.7425576669
0.7887598625 0.8436500042 0.6628843272 0.7904235196
0.7731497353 0.9556404836 0.6955810795 0.8362069428
0.7002109252 0.9501164638 0.6551938708 0.8241256706
0.7544806529 0.8614689091 0.8099533266 0.7230846665
0.7640975796 0.9010514562 0.7729742220 0.8382861337
0.8196164000 0.8983727093 0.6431388501 0.8430926753
0.7742820501 0.9381445606 0.7470561999 0.8210034014
0.7660323643 0.8647098102 0.6159583528 0.7901715285
0.7677249378 0.9008012598 0.6836018473 0.8079194192
0.7375391848 0.8587986989 0.6892400011 0.8551246464
0.7607252311 0.8723628760 0.8079933684 0.8167076258
0.7844557933 0.9007982120 0.7107248593 0.7556660729
0.7520999593 0.8442284812 0.6739893086 0.8455889367
0.8156580476 0.9195745816 0.7633840486 0.8437468435
0.8895943956 0.8526810683 0.7711612037 0.7751565199
0.7124880275 0.8488756135 0.6678440199 0.6945123842
0.8080836966 0.8850286343 0.7254824835 0.7851080238
0.8022499974 0.9056081330 0.7323897406 0.7943372794
0.8403516559 0.8781086603 0.6612015609 0.7683608353
0.8307984724 0.9720674220 0.6835490051 0.7765594940
0.8335336733 0.8459749852 0.5983379160 0.7860712436
0.7875251988 0.9185838608 0.7855926346 0.8019985640
0.7369773133 0.8005553454 0.6910692382 0.8824890167
0.7582086870 0.9412806914 0.7218985886 0.8605950076
0.7427317060 0.8054900091 0.6155354729 0.8278120989
0.8420194337 0.8199169660 0.6581357499 0.8114898999
0.7950049307 0.9250787511 0.7397516629 0.8636516140
0.7679025724 0.8415943959 0.6263006761 0.7362056140
0.8014589016 0.8617597918 0.7176220829 0.8004077661
0.9087252570 0.9033177579 0.7014126878 0.7902149048
0.7033454177 0.8289808621 0.7630148304 0.7260363247
0.8122907554 0.8970494270 0.6726485230 0.7651122477
0.7626565562 0.8716266397 0.7416173427 0.8724208877
0.8171667710 0.9670551126 0.7169643354 0.8542482057
0.8512587875 0.8756298564 0.7120407741 0.7896378327
0.8139666029 0.9412881475 0.7408980724 0.8069345178
0.7198188133 0.9283226747 0.6409147679 0.8425439876
0.8618392585 0.9884707098 0.6527675374 0.7991089895
0.7917527886 0.8915137102 0.7708321311 0.8219969646
0.7978114931 0.8320975510 0.6686098706 0.8427375053
0.7634889282 0.8822236983 0.6815553896 0.7307147745
0.7453650130 0.9332446903 0.7030888329 0.8021047628
0.8483022439 0.8838513551 0.6947410780 0.8164594791
0.7763689639 0.8812526690 0.7050880914 0.8298440832
0.8070439734 0.8710214693 0.6772556073 0.8633671232
0.8428597226 0.9113431903 0.7720439264 0.8449579710
0.8757783071 0.9374052528 0.7483094921 0.8281512093
0.7970879505 0.8489583224 0.6597501438 0.8226258994
0.7743571394 0.8998011535 0.6946270838 0.7294176382
0.7953352780 0.8032162117 0.7151946694 0.7465603063
0.8517403114 0.8835655361 0.6441284315 0.8082496630
0.8276666986 0.8829642415 0.7316578274 0.7630200578
0.8297051863 0.9041770073 0.6965813253 0.8445278422
0.8423533107 0.8634272762 0.7423070157 0.7829725870
0.7335503032 0.8791818413 0.7835010986 0.7669063915
0.8027765939 0.8243368435 0.6269641387 0.8063820498
0.7805838695 0.8364745039 0.8188365183 0.7258638728
0.8164130935 0.9520618192 0.6749756146 0.8465995747
0.7870415711 0.9038876941 0.7350133382 0.7495320138
0.7804741021 1.0022441334 0.7839020838 0.8188862532
0.7859282686 0.7873118171 0.6958929669 0.8179254176
0.7383526039 0.9099616566 0.6425457027 0.8280270755
0.7773140016 0.9155588107 0.7289015093 0.8116578279
0.7450605790 0.9344913478 0.6507960801 0.8024702759
0.8027247131 0.9208661716 0.6331846598 0.8076268730
0.8015665173 0.8447197790 0.6354421506 0.7783618027
0.8526591785 0.7804301088 0.7527816428 0.7275507697
0.7144546812 0.8748944394 0.7002790941 0.8500640560
0.7468579837 0.9177298302 0.6370678675 0.8196591798
0.8016737492 0.9488607213 0.7200810309 0.8334670974
0.7328860723 0.8658029942 0.6717937210 0.7981814438
0.7922363889 0.9289916303 0.7931400090 0.7958413262
0.8779036325 0.8688880299 0.7346313577 0.8170271459
0.7985970922 0.8250841058 0.7082730479 0.8152429988
0.8390595083 0.8873006972 0.7044003797 0.8690642533
0.7806956600 0.8658139054 0.6933903461 0.7424166401
0.8198371034 0.8154866982 0.6238746730 0.8123194500
0.8561114944 0.9543366060 0.6283706736 0.8148249145
0.7705037860 0.8976004701 0.7723198007 0.7675760604
0.8915210330 0.9209960731 0.7576537483 0.8787546592
0.8147112023 0.9277093972 0.7253343015 0.7518347468
0.7067208133 0.9619648986 0.7161715074 0.7292126309
0.7119583258 0.8192626455 0.6648850849 0.7574168903
0.8397683854 0.9450637894 0.6884149658 0.8325267068
0.8431810657 0.8213728487 0.6928707707 0.8329912674
0.7528585031 0.9192952380 0.6864883753 0.7812878547
0.8539496376 0.9153630287 0.7617096219 0.8013635237
0.7385731341 0.9113359750 0.6878201690 0.7847520229
0.8372513406 0.8302014827 0.6931937461 0.7854987997
0.8065614655 0.8717264368 0.7531412509 0.8106273839
0.7320819716 0.9020535085 0.6956647131 0.7295322626
0.8271814082 0.9050830809 0.6572670446 0.8974446438
0.8043104662 0.8899013464 0.6342473374 0.8610366485
0.8430790000 0.9385947955 0.7600078685 0.8228226401
0.8838177866 0.8773907329 0.6765793209 0.7466919902
0.7440186027 0.8650702337 0.6718851198 0.8138960159
0.7824672886 0.8830726083 0.7530898962 0.7827569592
0.8006923677 0.8583547815 0.7150878172 0.8150262791
0.7531873844 0.9007989883 0.8175118009 0.8802717887
0.7546677958 0.9666176764 0.8105627561 0.8323586978
0.7626780091 0.8679725628 0.6766113399 0.8389975199
0.7506006061 0.9471174279 0.6655531035 0.7081395108
0.7870087996 0.9196046443 0.7009772658 0.7837121538
0.8813929166 0.8642309083 0.6089275816 0.8187774148
0.8587686311 0.9062644476 0.6551904229 0.7436720209
0.8075190899 0.9505465021 0.7487727217 0.6930971252
0.7710792858 0.8705365528 0.6827661682 0.7589556975
0.7863738721 0.9475227532 0.7034974694 0.8006097380
0.7816278476 0.9147540697 0.6328898668 0.6879857675
0.7382246982 0.9964896879 0.6968124684 0.8149025577
0.8654669326 0.8839696861 0.7778064071 0.7199159855
0.7676431336 0.8765173102 0.6412823560 0.7923392057
0.8186914632 0.9884973766 0.7147979091 0.8122749996
0.7706413214 0.8592822025 0.7030266951 0.7453992138
0.7641436483 0.9337634936 0.7132598971 0.7892522449
0.8222593208 0.8529062142 0.7143315682 0.8867216058
