0.4001302066 0.0803425104 0.2793153220
0.4322385775 0.3315826325 0.3063672339
0.3425922141 0.4308502792 0.3317892554
0.6663383620 0.4652790275 0.5009680182
0.3920477717 0.5727627261 0.6965351809
0.3755212441 0.0554432607 -0.1339884459
0.4710901775 0.3349411758 -0.0801676707
0.7025023687 0.1738275301 -0.3733483787
0.5385243171 0.4361715086 0.3132098555
0.5549062844 0.0042760902 0.1477986636
0.4266274993 0.6732179701 0.1860430772
0.4399020681 0.4752584381 0.2351154984
0.2910101864 -0.1560374849 0.2763601908
0.2239292742 0.5524629900 0.2856250373
0.4082753097 0.3502938290 0.2219044394
0.0704959705 0.4875622195 0.6881374859
0.4419452537 0.1927911024 0.3249365971
0.2370976504 0.3083802016 0.2751547603
0.5105289832 0.0640593454 0.1356805375
0.3445466492 0.2862387670 0.2630270080
0.0748313450 0.2030046654 0.4481920088
0.0392608174 0.0733337978 0.1428681896
-0.1433765180 0.3332049478 0.4350562754
0.4431706274 0.3445677164 0.5538138479
0.4276585356 -0.0115563623 0.3573686873
0.4980955813 0.0808770507 -0.1014206851
0.4513020669 0.5099881523 0.1952937657
0.2536531061 -0.0367736819 0.0047471072
0.1330522025 0.3848872067 0.4397753744
0.7484366484 0.2424579114 0.5169099352
0.7218198147 0.1205854355 0.2311306526
0.6764871496 0.1582012019 -0.1482946183
0.2697385187 0.4000120284 0.5517384532
0.1728759313 -0.0262558172 0.1230421626
0.1502980281 0.2968099111 -0.3274339822
0.4754934438 -0.0480224063 -0.1768601009
0.8003491525 0.1301284913 0.5210827343
0.2171929161 0.2607049834 0.3951271251
0.3245275319 0.3719284417 0.2715106965
0.6366542877 0.3238701605 -0.0488907670
0.4325220108 0.3089012829 0.1804157529
0.3082572344 -0.2547995359 0.1457747032
0.6314574623 0.4318743677 -0.0864487932
0.1650139555 0.5212549850 0.0058343849
0.0899023352 0.2148502357 0.0579200881
0.7196878369 -0.2748205718 0.3911737456
0.5289434234 0.4703759236 0.0860034903
0.5048401759 0.6371045056 0.2612608579
0.5850501515 0.6789738215 0.3609412680
0.1648714828 -0.2142752074 0.8164378671
-0.1029844453 0.4687124616 0.2151290102
0.4101572721 0.1440712913 0.1126585344
0.1297748381 0.2538337979 0.0201841628
0.2001070317 0.3056689885 0.2169686787
0.3872939003 0.4320797854 0.2006820141
0.2526995392 0.2992275638 0.0026303219
0.6732638264 0.2844059268 0.1699291408
0.4844139433 0.4510504477 0.3463645800
0.5537522677 0.0853523627 -0.0056177824
0.4469589760 0.4044557406 0.2703646383
-0.2073988053 0.2771551690 0.1994451924
0.2773564007 0.4326011738 0.0500332408
0.7192020530 0.1789510196 0.0631421336
0.3569712866 0.0322623653 0.4639154539
0.0833574013 -0.0450354924 -0.0242183123
0.3993704570 0.0815850331 0.1177983509
0.0694645112 0.0640023288 0.1184893000
0.1252408378 0.4345163885 0.4036086196
0.1520591966 0.4948558801 0.5132329387
0.3431998434 0.5660338636 0.5963210619
0.2386608575 0.2763343791 0.3380041352
0.3544572139 0.6819620231 -0.1100104077
0.0873415526 0.2951139901 0.4691632418
0.4153104314 -0.0532262966 0.0067108702
0.5008383705 0.2557240443 0.1507972828
0.7694562443 0.4114187372 0.3262312260
-0.2357694323 -0.3722795730 0.6021576003
0.5230854460 0.5573713919 0.2029143587
0.2833127022 0.2584787043 0.3520576494
0.5008827604 -0.0824230199 0.4306953237
0.4370422774 0.4234675972 0.8905071791
0.1177955737 0.5399210306 0.3909358331
0.2114424515 -0.1705972334 0.3055968279
0.6134584961 0.5009469730 -0.0068071847
-0.0234702816 0.8071197018 0.4419308150
0.0167775789 0.1185456110 0.5555586475
0.3855788220 0.0994469442 0.0716653574
0.3235407579 0.3297588007 0.2913010490
0.1752344326 0.6674988461 0.0378790269
0.3574040968 0.1277572687 0.3881820214
0.4585852355 0.0190310575 0.6555036694
0.2944404656 0.4784402003 0.2951506224
0.1393257168 0.5008880356 0.3966837565
0.2433017277 0.1280848875 -0.2406680849
0.1388066926 0.2695858606 0.5386628397
0.1904396994 -0.2958901106 0.3302043959
0.6006075937 0.2018106142 0.0506264379
0.1297789367 0.3929865146 0.2285689712
0.5187013101 0.5619752952 0.2306430002
0.1206271602 0.4247802610 -0.1205305348
0.3868125545 0.3526158969 0.0683763041
0.1073209070 -0.1911612536 0.0563558030
0.4457481344 0.4119193331 0.4659181823
0.4766516167 0.5543317063 0.4317856691
-0.1498220286 0.4014660172 0.4252776912
0.2006355241 0.0582705080 0.5267250517
0.0406532918 0.8445043076 0.5229647335
0.5772787069 0.3911121278 -0.0050809992
0.8180404910 0.0873286196 0.3691049525
0.7940795782 0.1061501335 -0.1124204593
0.3710673530 -0.2280213339 0.1101372940
0.4882633316 0.3715549652 0.2443946444
0.2823351867 0.8354756176 0.0876536026
0.5979897238 0.1958169701 0.0695240311
0.0056386044 0.4221942242 0.3538004254
0.2889026641 0.5146491355 0.3221724462
-0.1053050361 0.7456772826 0.5580035134
0.6603108707 0.3501439361 0.1897534220
0.9165471390 0.2121256358 -0.3628877730
0.0155446086 0.4046242334 0.2575326566
0.5608994421 0.2081499403 0.7045304402
0.2930511916 0.3171768306 0.3329170429
0.5250552736 0.1926140537 0.3882815468
-0.0550583202 -0.1034893406 0.4329945610
0.1455738017 -0.1316674096 0.3836834293
0.6427641771 0.2397547992 0.2278585310
0.2865533909 0.4079959162 0.0882535166
0.4747831980 0.7141599149 0.1735442176
0.0752052438 0.1701250774 0.2657339803
0.3370667374 0.0614170264 0.4876596978
0.7911004472 -0.0430992364 0.1909462271
0.3279367946 0.5467949551 -0.0354327529
0.4503841991 0.1972458523 0.6869974264
0.1979573241 0.3084597521 -0.2225420633
0.7237928910 0.3909097635 0.4332137340
0.6102685860 0.5821776895 -0.0636015166
0.2834031691 -0.2627559899 0.2815922119
0.2300817421 0.5699516659 0.6459596302
-0.3554535908 0.3573411128 0.5170689327
0.2410181932 0.5351855529 0.5101723655
0.5912511485 0.3087636018 0.2695380123
0.1541869973 -0.0074485722 -0.0266371380
0.6410820539 0.3680663491 0.5686465237
0.3312728256 0.4758488502 0.1536880795
0.2740861248 -0.0745135096 0.4849653934
0.3836929443 0.3905391180 0.2723026818
0.2730446730 -0.0578413740 0.5216819402
0.3180877037 0.3701062270 0.4793776767
0.0271791999 0.4258506475 0.3085281000
0.4912815124 0.5526443819 0.0812672842
0.3505031470 0.0895984475 0.1246351554
0.2483401181 -0.1068953075 0.4724128034
0.1326044500 0.4122587290 0.7055391745
0.2256079237 0.3830807846 0.3126565758
0.2516745755 0.3080827705 0.6207813879
0.5197087775 -0.0497216074 0.4645464172
0.0410781023 0.6697740730 0.2924392632
0.1735218530 0.0662988657 0.2488852537
0.4290494353 0.2528581267 0.3407576889
0.4935003921 0.2761457257 0.2241257036
0.1843429282 0.4316089936 0.2935060115
0.2064035007 0.4616978302 0.4550541701
0.4540972682 0.4751311520 0.0030649955
0.2757560163 0.4658413504 0.3794373235
0.4129641501 0.4331010458 0.7708873056
0.2953786648 0.1236733626 -0.1123347600
0.8213958060 0.8970915415 0.2316446274
0.4646793207 0.9474645741 -0.0182869371
0.9379584773 0.7974696514 0.0422717857
0.7378218173 0.9472457945 -0.0917555986
0.6399674170 1.0058466528 -0.2158512553
0.7203112643 0.9143769117 0.0396884018
0.8988019605 0.9543962927 0.0925843799
0.7558697387 0.9620047938 0.0504699388
0.5137823711 0.9327632419 0.2073291536
0.7539222513 1.0303709705 -0.1562312203
0.8906281321 1.0094974048 0.0048962224
0.7416307891 0.8036681951 -0.1164536341
0.6612336548 0.7678920243 -0.0410367061
0.8247271898 0.9007181895 0.0694868598
0.7961161680 0.8037077996 -0.1148929587
0.8160429386 0.8833728147 0.0665845631
0.8368210750 0.7803225730 -0.0277922392
0.5687654743 1.0284187237 -0.0385209395
0.6420523556 0.7744143464 0.3312968834
0.8301390503 0.8797645323 0.0958347905
0.6631989238 1.1889357220 0.1011276832
0.7567568304 0.9792883298 0.1598535369
0.7070372808 0.6491254701 -0.0904269464
0.6463918579 0.9569124545 -0.0712234910
0.8577325251 1.0120784726 0.1177952724
0.6920026769 0.8618721219 0.1684483821
0.6100375855 0.6188273983 0.1713472946
0.7608570013 0.9043332900 -0.0139671483
0.6726547286 0.8328576761 -0.2064092194
0.8795922054 0.8581344765 0.0674215049
0.6308993422 0.8901131744 0.0479052057
0.8283307851 0.6988857237 0.0474854447
0.8900143055 0.9030603393 -0.2166815256
0.7713844115 0.6026514060 -0.2372477272
0.5268862777 0.8368836192 0.3340113212
0.8666310002 0.7565920110 0.2178068541
0.6198613081 0.6052353359 -0.1236185219
0.6981518864 1.0664911255 -0.1400389534
0.7114910391 0.9635599248 -0.1533701429
0.8697532496 0.9999671676 0.0040165206
0.8120915537 0.9988892603 0.0758588334
0.9081580320 0.9724167374 0.0801852693
0.4272774392 0.6920916796 -0.0318304165
0.8196274288 1.0885209651 0.2055335240
0.7471684701 0.9844995739 -0.2422629792
0.8350900944 0.9795217365 0.0819362089
0.8039253221 0.8142871068 0.2865422286
0.8377895759 0.8625715910 -0.0262473143
0.8985715550 0.9557204828 -0.4071863581
0.7673106825 0.9252811294 0.0228070306
0.8173554936 0.7633299844 -0.0255212112
0.7538150939 0.9930953372 -0.1187762756
0.7788116749 0.8212077335 0.1414611156
0.8336022753 0.8038042773 0.0013296388
0.9734837589 0.6298346504 -0.0737468036
0.8242085633 0.6809131610 0.2128976755
0.8802790922 1.0639475125 -0.0474984985
0.6207409292 0.9779601042 0.1681704280
1.0454319811 0.9358323315 -0.0340909196
0.5875209162 0.7884791976 0.0149549273
0.8297357899 0.9212484079 -0.0564542685
0.7791130716 1.0013118013 0.1509074036
0.9111082819 0.8192518724 0.2368385942
0.6000347039 1.1817103609 0.0136835545
0.8683603173 0.8582088948 -0.1398011606
0.9028801135 1.0198184879 0.1045028080
0.7438527084 0.8795672025 0.0812747320
0.9632488726 0.7632383460 -0.0029311147
0.8662201779 0.8523114771 -0.2322054593
0.8065302218 0.6008731645 -0.1998145203
1.0226208390 0.9950957019 0.0568346018
1.0308887312 0.5682796282 0.1387795235
1.0151039834 0.8429877020 -0.1445552121
0.7998531804 0.9084903904 0.2677894566
1.0677572259 0.6441579605 -0.1552760294
0.7624448995 0.9197888030 -0.2952794761
0.8552725601 0.7415336082 -0.2271898618
0.7477563459 1.0360339947 0.2330117584
0.8311214285 0.9083001609 0.0243312663
0.8952722159 0.9300267163 -0.1985313385
0.7038120340 1.0953293022 -0.1222183402
0.7269303206 0.9427013346 0.0832726300
1.0211579002 0.7800850887 -0.1363037868
0.7618475082 0.7777641864 0.2460330374
0.6351005768 0.7945379637 0.1035237012
0.9585247565 0.8262763227 0.0441728721
0.7460644309 1.0611380737 -0.0843833241
0.8758986425 1.0330523623 0.0356562375
0.8193391121 0.8713039873 0.0954674270
0.7415790075 1.0120938167 -0.0414497847
0.8413878137 0.8545048884 0.0002716116
0.8351280064 0.8478135148 -0.0727792070
0.7087473613 0.8478666395 -0.0009021012
0.9326836927 0.9573354215 0.1870491685
1.0048966805 0.7499575480 -0.0385366618
0.8353237308 0.8812517764 -0.1216656669
0.6288262564 1.1203776897 0.1338704798
0.5683790609 1.0137570167 0.1800853699
0.9665461758 0.8843050187 -0.0682711053
1.0324205611 0.8514338568 0.1708740945
0.8790159797 0.7566779079 -0.1616108877
0.9487669066 0.7525759153 0.0434207453
0.8355657749 0.6897552857 -0.0134897976
0.7290602992 0.7109089684 -0.1948597369
0.8180971125 1.0023273675 -0.0363849931
0.8707858343 0.9888895338 -0.1058437162
0.7111977580 0.9047314032 0.2922568532
0.7045669790 0.6510068720 0.2128507593
0.6441237056 0.9344007735 0.0874512049
0.8444274633 0.7776974360 0.0620987471
0.7913427919 0.8630591854 -0.0536610569
0.8565886697 0.5707799795 -0.0979939957
1.0259486568 0.7711868665 0.0405091410
0.7133824004 1.0837166869 0.0386010538
0.6765495255 1.0106933163 0.1156007555
0.8999812425 0.6958862881 -0.1133936419
0.5838194790 0.8040920507 0.1129309986
0.8519719171 0.8045740099 0.2956357906
0.8218149041 0.6630225972 0.0740556539
0.8427813863 0.7778414134 -0.0882737354
0.9231475288 0.9136561027 0.0080702088
0.8417098752 0.7248614501 0.2230034519
0.6320730596 0.8281841077 -0.1765706546
0.7181253087 0.7883245651 -0.0048660722
0.6110520931 0.9714782017 -0.0542751866
0.7327910191 1.1840185951 -0.1492752082
0.5862824802 0.9825335154 0.2845720509
0.7247763369 1.1257719591 -0.2307365905
0.3441201312 1.0541517218 -0.0401392460
0.9588597482 1.0354232021 -0.0364292735
0.8191542660 0.9045906304 0.2028775009
1.1287221219 0.8805975724 -0.1645751448
0.7708628033 0.7688143828 0.0467232116
1.0521509986 0.9582729611 -0.0639900923
0.7441601421 0.7227274252 0.0395637376
0.8435310314 0.8682088364 0.0471533078
0.8207605870 1.1489584037 -0.0055727708
0.7726627662 0.7864524917 -0.0430072922
0.8928033994 0.8041842827 -0.0389555002
0.7035021747 0.9769957725 -0.2176124442
0.7895043103 0.9163737732 0.0692419098
0.7269501329 0.7507364620 -0.0705893721
0.6173765208 1.0769265145 -0.2651333650
0.7230589308 0.6890291955 0.3636696089
0.8118811396 0.6923167038 -0.1821688934
0.6994661698 0.9288344109 -0.2312030486
0.8125785267 0.7354676508 0.0250423000
0.7938066678 1.1436923882 -0.1425256620
0.7374949506 0.7993015564 -0.0094121347
0.8225802972 0.7451046142 0.0338723026
0.7448433227 0.7773398217 0.0012061466
1.0800514493 1.1488985934 0.2843666926
0.8605484235 1.0335057130 0.0249642305
1.0053867306 1.0174736032 0.0303650850
0.9996371432 0.8005141816 0.1726379142
1.2110416521 0.8298835520 -0.0378844581
1.0258519842 0.8824116014 0.0716538042
0.7904806137 0.9305136065 -0.0099767757
0.9336544153 1.0352937120 0.2417787082
0.8200651719 0.6768184689 -0.0040650376
0.7348292206 0.8676314774 0.1091907500
1.0505770015 0.9602548491 -0.0405868130
0.9784835489 1.2427299826 -0.0920361445
0.7952018024 0.9880209723 -0.2158440462
0.8373404185 0.8574468029 0.2248071382
0.8121469832 1.0006495711 -0.1630326014
1.0588739594 -0.0484155095 0.0283280621
1.0512190707 0.1141197879 0.0960096100
1.1067339524 0.0373627060 -0.1537507542
1.0878858586 -0.0280448447 0.1331303370
1.1064756081 -0.1544142870 0.0525453296
1.0293755382 0.0752610498 0.1044378811
0.9855044678 -0.0957214222 0.0535477106
0.8148577609 0.0082219048 -0.1141183658
1.0788705663 -0.0092842968 0.0265156674
0.7549661562 0.0443898602 0.1766927787
0.9565754079 0.1059079482 -0.0270315175
1.0411538791 -0.0257022507 0.0890950990
1.0967346731 -0.1001405901 0.1630718112
1.0157561415 0.0913167364 0.0415402768
1.0956990618 -0.0408885037 -0.0378650091
1.0541719886 0.0904446709 -0.1280625215
0.8057649161 -0.0484678476 0.1248007884
1.2216510588 -0.1596937185 0.0258705142
1.0614632467 0.0100672676 -0.1663224477
0.9506294067 -0.0561274451 -0.0272301166
0.9921443323 -0.2364304840 -0.1140270158
1.0165076742 0.0373646541 0.0594989945
0.8085326586 -0.0912536834 0.1539011644
0.9610138883 0.0626213792 0.1271593296
0.8553987923 0.1076283398 0.0324063002
1.0806932054 -0.1040606391 -0.1335546752
0.9576877695 -0.1362756124 -0.1007883262
0.9263078966 0.0252989470 -0.0764257354
1.0865894294 -0.0089280022 0.2099210042
1.1485998920 -0.0237223652 -0.0557838865
1.0200459273 0.0253595778 -0.1167260103
1.0403617272 0.1029970013 -0.0588846050
1.0227675454 0.0131686189 0.1774142843
0.9972402823 0.0219323495 0.0551201667
1.0752105019 -0.1029973005 0.0197348009
1.1046643936 -0.0501732011 -0.1103186628
0.9788973837 -0.0054802828 0.0146008387
1.1256640063 -0.0766792875 0.0104072811
1.2149346082 -0.0781566577 -0.0862589077
1.0368279216 0.0544716560 0.0599451937
0.8762599912 0.0764001151 0.0779661052
1.1148855460 -0.0454138981 -0.0545644649
1.0368827448 -0.1005301342 -0.1708167166
1.3422956741 0.0218352135 0.0936391784
0.8638135759 0.1781656614 0.0508583918
1.2274403153 0.0956934424 0.0513433088
1.0293389412 0.1256587556 -0.0451645040
1.1777735337 0.1060276041 -0.0163893175
1.0453784660 -0.0493513412 0.0064031681
0.9593016592 -0.1171607258 -0.0665519803
0.9404075900 -0.1804524031 0.1202726774
1.1069200190 -0.2547058309 0.0132569738
1.0937595699 -0.1039149459 0.0058645314
0.7505724567 -0.1222667633 -0.0578237126
1.0859994792 0.0772114088 0.2090023530
0.8877574523 -0.0292139032 -0.0130631440
0.9407755339 0.1178269787 0.0343557866
1.0062195985 -0.0161587276 -0.0227924527
1.0399467676 0.0039815648 -0.0219440869
1.0739540985 0.0372022197 0.0094177886
0.9675143861 0.1013577793 -0.0517580638
1.1006787259 0.0150537833 -0.0346241307
0.9527133079 0.1682035819 -0.0481539541
1.1326230947 -0.1055165154 -0.0446200027
1.1646242758 -0.1699785391 0.1674578582
1.0155760984 -0.1810297444 0.0206169157
1.0796680460 0.0757706492 0.1407944399
0.7297387677 0.0030735796 0.1891823809
1.1026396647 0.0590681464 -0.0973738435
1.0433322879 0.0248708831 -0.0442348689
1.0488473924 0.1354271750 -0.0366741491
0.9492328836 -0.0079232774 -0.0627480045
0.9663727026 -0.1169912048 0.1359345245
0.9413778716 -0.1127141390 -0.0464354316
1.1496414577 0.1350978110 -0.0216621561
1.1747379006 -0.0163583099 -0.1005440268
1.0320452931 -0.1596460150 -0.0468817634
1.0573428519 0.1982999326 -0.0762847324
0.9199552006 -0.0190670362 0.0351425845
0.8574770883 -0.1261689716 -0.0594964778
0.9243279427 0.0432477536 0.1630113972
0.9003543158 0.1169630201 -0.0722799403
1.0312714940 0.0195482507 -0.1203579755
1.0881139555 -0.0766590499 -0.0626937607
1.1130243300 0.0821497110 0.2105732420
0.8573254528 0.0675902226 -0.0158408252
0.9547201242 -0.0071070428 0.0550374981
1.1305142275 0.0951899751 -0.1005202536
1.1258626581 -0.1425196722 -0.0368050500
1.0817172116 -0.0691555345 0.2299949716
1.0488900152 -0.1131618361 -0.0426178691
0.9620321282 -0.0138923599 -0.1788244994
1.0563547235 0.0222362137 -0.0708590149
1.0747460233 -0.0741575775 -0.1896278012
0.8645699366 -0.0604180145 -0.0088306031
0.8961667171 0.0593469360 0.1843226739
1.0146118227 0.0933976636 -0.0237805559
0.9975525070 -0.0129323927 0.1846000697
0.9742572581 -0.0320347850 -0.0939625253
1.0055486385 0.0269325417 0.0109484174
1.1156300816 0.0255219634 -0.0075939077
0.8986101225 -0.0646554058 0.1298750064
1.1479100850 0.0281411391 -0.0170221080
0.9668264920 0.1097144081 -0.0422495866
1.0939868226 0.1474315225 -0.0221568393
1.0127242319 0.1333079604 0.1824622552
0.9798431577 -0.1357109160 0.0261038660
1.1361030224 -0.0186205989 -0.1290642120
1.0742979287 0.0515751127 -0.0221693666
1.1863468632 0.0424735350 -0.0621624655
0.8706105628 -0.0478127934 0.0028322108
0.9792968092 0.0221815041 0.0289566633
0.8736233088 0.1312480388 -0.1057150803
1.0752607755 0.0704281392 -0.0277283278
0.9580488816 0.0216406477 -0.0428538034
0.9348167123 0.0471320418 0.0210792318
1.0612166582 -0.0584058117 0.1134090599
0.9812089039 -0.0785530631 0.0554186580
0.9128476438 -0.0589864599 0.0475820275
1.0588950814 -0.0356898613 -0.0018474212
0.8279610570 0.1068383225 -0.0981028961
0.8194093891 0.0710389406 -0.0109257009
1.0472450766 -0.0987919109 0.2003898173
1.0177452237 -0.0587422521 0.0378382656
1.1005292014 0.0642310608 -0.1866696070
1.0683171638 0.0794430711 0.0234203348
0.9350984430 0.0612283890 0.0937892875
0.9726959107 0.0547798188 -0.0433284623
1.1368012508 -0.0381934969 -0.0166681431
1.0459135853 -0.0114823291 0.3174510893
0.8750846947 0.1528430560 -0.0203216993
1.1761396686 0.0300366466 0.1841117576
0.9471304983 -0.0431242795 0.0544504854
0.9321629158 0.1740943230 -0.1085940590
1.0597074187 -0.1848670405 0.1525044025
1.0921637797 -0.0417411314 -0.0452560634
0.9482145187 0.0961012285 -0.0132240541
1.0443233869 -0.0388389571 0.0690599684
1.0994647020 0.0967314796 -0.0540543298
1.0798182512 0.0572834601 -0.0242019635
1.0387692396 0.0119445763 -0.0383500806
1.0347242797 -0.0583676491 0.0338767332
1.0202734899 0.0103246708 -0.0730642006
0.9895363155 -0.0690535195 0.0782845830
1.0390552281 -0.0172752613 0.2201745632
1.0164777892 -0.0353715251 0.0301503994
1.0692757007 0.0006434246 -0.0745836353
1.2133265163 0.0933765817 0.1681750798
1.0873708220 -0.1446112702 -0.0356189194
0.7205727627 -0.0889873921 0.0666356823
0.9320546524 -0.0070616082 -0.0415172672
0.9545537849 -0.0206394107 0.0902727377
1.0875686636 -0.1174316503 -0.0126678187
0.9719793089 -0.1661924239 0.0393850964
0.8800110920 0.0669487213 0.0901762574
0.9497988689 0.0395566439 -0.0965146462
1.0062033589 -0.1169729334 -0.0369093060
0.9721651994 0.0004093914 -0.0682744296
1.0655102455 -0.1597441034 -0.0504668696
0.9414096602 0.0986942911 -0.0542634342
0.9101654095 0.0818367393 -0.0539815886
1.0315017051 -0.0290030774 0.0888665183
0.9707599584 0.0606556979 -0.0463813074
1.0272503658 -0.0760763004 0.0354971073
0.7807761152 0.0140297150 -0.0477164707
0.9165535132 -0.1646500233 -0.1776664795
-0.1072019725 0.8166921217 1.0600721978
-0.0352408953 0.9453713136 0.8873048631
0.1263396338 0.8306979646 0.9340334952
0.0263861400 0.8845657618 0.9960745892
0.1356342513 0.8223317670 1.0160093363
-0.0505293500 0.9116954162 0.9112609298
-0.0742317277 0.9240840798 1.0035774086
-0.0225294645 0.9046629495 0.8698343197
0.0031625037 1.0112270142 0.9746366239
0.1432597641 0.9683394600 1.0232801288
-0.0144034277 0.9767291943 1.0846697795
-0.0685383759 0.9283221224 0.9709562827
-0.0792088120 0.7732778609 0.9989715737
0.0931917940 0.8704165878 0.9144368912
-0.0677419376 0.8693412610 1.0877919234
0.1039513219 0.9645205063 0.8613356600
0.0584205972 0.7329524442 1.1019474036
-0.0397076257 0.8937540083 1.0492000034
0.0316991652 0.8867722668 1.0642590346
-0.0031170376 0.9693686940 1.0374274420
-0.0177901066 0.8467164198 1.0549990871
0.0332535866 1.0134817625 0.9715360959
-0.0461066903 0.7583280360 0.9337259582
-0.0835300568 0.9201194639 0.9832601382
-0.0628388347 1.0497595833 0.9827029719
-0.0604800182 0.8490617427 0.9883458311
-0.0137421542 0.8519527622 1.0894995993
0.0882201849 0.9127871308 0.9973256139
0.0416817182 0.8115594588 1.0418784338
0.1117548113 0.8534007541 0.9334307368
0.0151723476 0.8999494999 0.9754975805
0.0039818754 0.9795242233 0.9481666044
-0.0559500870 0.8535662849 1.0397761047
-0.0122482601 0.9284850448 0.9487060171
0.0411321776 0.9368283802 1.1873996784
0.0681536561 0.8477111528 1.0455123279
-0.1319034081 0.8885273912 1.0344405772
-0.0726713328 0.9450326914 1.0750782151
-0.0547899563 0.7790889287 0.8166063375
-0.0678311150 0.8804858658 1.1064929460
0.0729323373 1.0061616017 0.7996341999
-0.0035133181 0.9550083282 1.0716105333
0.0812068409 0.9173545233 1.1984178155
-0.0744789830 0.8366756335 1.0037235470
-0.1357802858 0.7436856452 1.1251173124
0.0377590117 0.9187377871 1.0278775754
0.0744828510 0.9096062932 0.9920274677
0.0666137297 0.9060714852 0.9142651695
0.0993593889 0.9431919126 0.8882200798
0.0971557473 0.8989836218 1.0427381294
0.0606451312 0.7984149892 0.9835897065
-0.2387151308 0.8677096880 1.1719586009
-0.0825297801 0.7321718827 1.0258058253
-0.0346116783 0.9187290994 0.8882462297
-0.0817483074 0.9661154654 1.0546859497
-0.0875147523 0.8445088344 1.1845601934
-0.0259575212 1.0697785012 0.9175673838
0.0585624062 0.7697482910 1.0067060263
0.0440959078 0.9316382259 1.0606382341
-0.0302226455 0.9448710413 0.8675788959
-0.0556642423 1.0224617535 0.9673515979
-0.0122900600 0.8715024179 0.9688323495
0.0441699346 0.7518333247 0.9091081156
-0.0016148657 1.0346254706 1.0374871256
0.0109666359 0.9352138968 1.0773601221
0.0554662399 0.9446244193 0.9843270970
-0.0654832429 0.8518170036 1.0431205489
-0.0394899142 1.0200261536 0.9151190453
0.0084849161 0.8368415125 0.8781414257
0.0968875043 0.8952141344 1.0035061470
-0.0040127940 1.0978748443 0.9284305345
-0.0029168321 0.9522994961 1.0017418858
-0.0352555803 0.9495954134 0.9234438999
-0.0257465629 0.8823583491 1.0924191146
0.0686367012 0.7207051223 1.0093438085
0.0828885840 0.9779233046 1.0425384315
0.1640922727 0.8245073712 0.9999164881
-0.0639978355 0.8418718560 1.0158328183
0.0054272112 0.9363867476 1.0242072586
-0.0889209216 0.9760516887 0.9652004410
-0.0540602651 0.9762010360 0.9836366628
0.0047130695 1.0271505079 1.1163489057
-0.0636012921 0.9791988918 1.0005443518
0.1258240206 0.8779133229 1.0314981566
0.0896478264 0.8266971304 0.9978267648
-0.1686197418 0.8885314694 0.8757194657
-0.1132215909 0.7965855036 0.9844408990
0.0295148132 0.8301438885 1.0145555786
0.0937439507 1.0570404933 0.9012925360
0.1214847907 0.9730804062 1.1043357527
-0.0712406857 0.8680284659 0.9517007241
0.0800324591 0.8617520514 0.9904463584
-0.0449440594 0.7329888967 0.8968297838
0.0910763188 0.9149499059 0.9603936535
-0.0046420397 0.7233249801 0.9935125870
-0.0005051739 0.7804777306 0.9903719063
0.0014034265 0.8631238364 0.9710241985
0.0180848123 0.9344976208 1.0817370763
-0.0919398288 0.9071135327 0.8854245182
0.1122204144 0.9084427961 1.0111071214
0.1346978887 0.9243676713 0.9093946030
-0.1341844716 0.9265740038 0.9795970992
0.0169154955 0.8409876056 1.0368862141
0.0643220296 0.7955806266 0.9974034518
-0.0637852661 1.0128293527 0.9372597549
-0.0207984601 0.8430837057 1.0486978165
-0.1212232113 0.9300954815 1.0331654643
-0.0310440253 0.9129189247 0.9733986264
0.0461771432 0.9261092725 0.9972453136
0.0226642389 1.0429589139 1.0628484396
-0.1952833706 0.7290724426 0.9992404434
0.0107737242 0.9116962146 0.8366298203
0.0441989500 0.9889452095 1.0076169917
0.0563136531 0.9068545782 0.8916585492
0.0118846117 0.7973715603 1.1135599089
-0.0534590533 0.8654275825 0.9719765958
0.0542663570 0.9572465024 0.9709423321
0.0980658185 0.8615451122 1.0511693011
0.0332108705 1.0077529269 0.9750573789
0.0807087980 0.9452792508 0.9906941631
0.2084803263 0.9513567100 0.9667306058
-0.0234794967 0.8953527552 1.1566756241
-0.0767243819 0.9391013221 1.0256108424
-0.0344984386 0.9659288043 0.9913183081
0.0663794928 1.0253567723 1.0289239351
0.1269463718 0.9120341680 1.0679179949
0.0041414396 0.9073393161 0.9410906621
0.0614081722 0.8015089571 1.0325225804
0.0020306861 1.0153933465 1.0486216623
0.0229797452 0.8227716514 0.9973611639
-0.0261959521 0.8063822819 1.0234755574
-0.0071234268 0.9727000237 0.9545794506
0.0163899945 0.9623692897 1.0207722865
-0.0176792568 0.9488203129 0.9478075121
0.1257800867 0.8766856354 1.0423706974
0.1014172736 0.9430259604 1.0573954434
0.0752442109 0.9182858348 1.0258319629
-0.0016545490 0.8359072620 0.9326950039
0.0128611389 0.8345133104 1.0505219282
0.0235890040 0.8480007950 0.9590258740
0.0022202633 0.8938507294 0.8587613816
-0.0511950305 0.8956565362 1.0459349308
-0.0560820964 0.8866961187 0.9814658250
-0.1084907659 0.9270188909 0.9213086766
-0.0015363925 0.8892794172 1.0597214784
-0.0634197029 0.8353895825 0.9713603180
0.0090513480 1.0117278285 1.0127782473
-0.1217500485 0.8347955051 1.1037872600
0.0693379516 0.8515556180 0.9828966635
-0.1719622153 0.7065462383 0.9826603364
0.0751430138 1.0250194035 1.0311476680
-0.0457534041 0.7200366661 0.9885321992
0.0136705103 0.8898644981 0.9957692992
-0.0369349211 0.8506317929 1.0513437894
0.0404258708 0.7636959887 0.9895552623
-0.0169030879 0.8931133487 0.9004635736
0.0093010552 0.9445450475 1.0919424496
0.1246353588 0.8896684660 1.0172520940
0.0244879333 1.0016938219 0.9496983794
0.0291806450 1.0219823137 1.1889537858
-0.1188728294 0.8072642238 1.0093319449
-0.1453832326 0.9419466045 0.9677695293
0.0792791754 0.9780358542 0.9697990118
0.0404869342 1.0157351330 1.0147437509
-0.0885189066 1.0830693957 0.9836991043
-0.1950420767 0.8630910513 1.0157505244
0.0596229674 0.5097243465 0.8913358916
-0.0981692848 0.3964552040 0.9513368508
-0.1704279164 0.4805385912 0.9491224380
-0.1722313151 0.5350463631 0.8006436358
-0.1457149636 0.4627773529 0.8458789143
-0.1024066440 0.6045411553 1.0322676606
-0.1047177211 0.5757310480 0.8708585475
-0.1484983126 0.5608720732 0.8464795052
-0.0994591168 0.5042669505 0.9097649515
-0.1323591329 0.5604908915 0.9162450445
-0.1447901391 0.4664732179 0.8608809440
-0.0983194034 0.4463133004 0.8061679420
-0.0698023102 0.4626437753 0.9258228322
-0.0114457572 0.6015348080 0.8512986211
-0.1399517015 0.5032123499 0.9518921047
-0.1674757519 0.5174810663 0.8643469284
-0.0979543446 0.5221038833 0.8524807184
-0.1519614894 0.4415925674 0.9547190097
-0.1526885700 0.5652660649 0.9327822100
0.0034810459 0.4201142399 0.9251443849
-0.1303861333 0.5173337423 0.9694030924
-0.1085110197 0.3669484600 0.8853775514
-0.0387511985 0.4362829691 0.7599521691
0.0092620528 0.5334368444 0.9028495997
-0.0445095139 0.4622940990 0.9082333080
-0.0926430982 0.5222346563 0.9882967024
-0.0842804715 0.4236202901 0.9477445643
-0.1165470223 0.4325477600 0.9209021393
-0.1239458516 0.5422494248 0.9323387978
-0.1119933305 0.3988926529 0.8715923903
-0.1793111531 0.4210353584 0.9949674125
-0.1065295449 0.4986708454 0.8973962236
-0.0804883491 0.4437469462 0.9717551816
-0.1669238160 0.5591783667 0.8413052063
-0.0024245157 0.4904953323 0.9958269296
-0.0380846724 0.5134786841 0.9575349580
-0.1291451918 0.5243457696 0.9149146703
-0.0758762242 0.4481757060 0.9359349397
-0.1482218936 0.5064976730 0.9099773853
-0.1439012711 0.5368437877 1.0023520612
-0.1225473138 0.5114441922 0.9373007754
-0.0612929786 0.4739972572 0.9752467912
-0.1831017629 0.5299420859 0.8611017070
-0.2030742204 0.4951314024 0.9430019247
-0.0385206905 0.4698216837 0.8653104227
0.0268179648 0.5241088465 0.8906591336
-0.2011210868 0.3834852221 0.9277815848
-0.1318215017 0.5796915604 0.8678902355
-0.0550178056 0.4005486619 0.8702465618
-0.1445930872 0.5357611604 0.8462139389
-0.1957561177 0.5619112517 0.9484008169
-0.0258961063 0.4335461646 0.8705674029
-0.1411707507 0.5365323297 0.9798922382
-0.0908687439 0.5156475775 0.9039921647
-0.0447546417 0.4524034389 0.9014660694
-0.0079462500 0.4594637057 0.8005165910
-0.1051997359 0.5292365829 0.9198450450
-0.0498827855 0.5296863013 0.8741290814
-0.2044152680 0.5916936073 0.8694616300
-0.0707678587 0.5055041138 0.9235905118
-0.1096774124 0.5150378913 0.9297417041
-0.1515684200 0.4809593539 0.8590360812
0.1043094570 0.6229991738 0.8574615437
-0.1340761443 0.4904487056 0.9602118380
-0.0596201284 0.4721722356 0.8613108231
-0.1627036256 0.4908657371 0.8885930696
-0.1284173445 0.4803662716 1.0193852313
-0.1712432972 0.5388774760 0.9984110977
-0.1563069553 0.6302781875 0.8500651372
-0.1778928247 0.3891137196 0.9147168480
-0.1027074332 0.4443220633 0.7812611387
-0.0864067982 0.5043271110 0.9427192342
-0.0738656631 0.5578909982 0.9982041199
-0.1479776358 0.4695339746 0.9623167882
-0.1138391808 0.5684351586 0.9179067486
-0.0610215431 0.5850197507 0.9485349021
-0.0872281421 0.4130757197 0.8619450689
-0.0124827744 0.5979755455 0.9201286323
-0.1999270245 0.4208076300 0.8961230172
-0.0985230211 0.5159720984 0.9380007080
-0.1276804491 0.5674629253 0.9835117307
-0.0742467700 0.4758959468 0.8586507566
-0.0969689815 0.4949268053 0.9012688246
-0.0978111736 0.4203122149 0.7677768030
-0.1045673966 0.5620143326 0.8002488655
-0.0765403970 0.5552129784 0.8501835100
-0.1827900479 0.5084328704 0.8816418574
-0.1257247744 0.4650950507 0.7739788577
-0.1039933460 0.4759723817 0.9130363098
-0.1685811655 0.5823859454 0.9284444022
-0.0274778836 0.4872567606 0.8448334319
-0.1084559997 0.5182629094 0.9164551646
-0.1052768655 0.4652373284 0.9972159967
-0.0725452301 0.5727690556 0.8572994147
-0.0556534131 0.5051205225 0.8708629863
-0.1723873937 0.5018396855 0.9634309350
-0.1506938391 0.4112859591 0.8501809349
-0.1110535602 0.5060179809 0.9241854422
-0.1908650025 0.4876322296 0.8838509846
-0.1134756874 0.4835630710 0.7303038688
-0.1021533414 0.4563309688 0.9462897025
-0.0347808120 0.4899276552 0.9112250423
-0.1504365495 0.3883339991 0.8486767019
-0.0410595410 0.4575902194 0.8319491393
-0.0955909747 0.5333993941 0.9834261410
-0.0814448003 0.5248939189 0.9676027332
-0.0775306664 0.5159962008 0.8143990662
0.0337231805 0.4566408480 0.8257104903
-0.1043365095 0.5145244800 0.9992078502
-0.0708373376 0.5622879625 0.9497808714
-0.0431621184 0.5085302173 0.8453345969
-0.0928567490 0.4536663819 0.8795290710
-0.0651613716 0.5368259429 0.9792064064
-0.0629780841 0.4987712053 0.8832105212
-0.0530211450 0.6019802766 0.7825725400
-0.0399898801 0.4877607218 0.8414742931
-0.1024332793 0.5982523485 0.9537605660
-0.0487246275 0.4725472764 0.9268586556
-0.0867047333 0.5626530142 0.8896263740
-0.0676345828 0.5180893134 0.9632128125
-0.0858275334 0.4439829115 0.8610192799
-0.0857262024 0.4070996544 0.9305531345
-0.0088912972 0.5580242813 0.9037573969
-0.1100570532 0.4599850142 0.8734840945
-0.1151417496 0.4783381308 0.9037302047
-0.0101878408 0.4766638052 1.0119024883
-0.1795596609 0.4945518082 0.8219745448
-0.0584084645 0.3881903957 0.9102186060
-0.1720089606 0.5509766428 0.8779808709
-0.0654401613 0.5608533050 0.9681694332
-0.1099259986 0.6006343064 0.8726646659
-0.0941349579 0.4956599549 0.9000441964
-0.0792118505 0.4308153683 0.9860397333
-0.0899079243 0.4438511337 0.9572919164
-0.1587613918 0.4886118656 0.9514692751
-0.1636417276 0.4344928930 0.9227483084
-0.1135030968 0.4645545192 0.8987429996
-0.0937776026 0.4397312221 0.9553880411
-0.0898433426 0.4656290019 0.9430629709
-0.1233583075 0.4886075945 0.9052167306
-0.0544750629 0.5765493377 1.0029534262
-0.0690893717 0.5278154323 0.8729971812
-0.1685951539 0.4564353446 0.9553939628
-0.0807154500 0.5438533180 0.8387921313
-0.0480362815 0.5212674734 0.9336510929
0.0036488732 0.5308950011 0.8710738548
0.0106085264 0.5525868239 0.9035959080
-0.1454951613 0.3722095687 0.9022924765
-0.1825615638 0.5153985826 0.7886589161
-0.1196716646 0.4846257936 0.9397184013
-0.1618898006 0.5209747289 0.9462294900
-0.0466035293 0.5824275694 0.9097608508
0.0508454157 0.4729234428 0.9417351706
-0.1938673078 0.4059935152 0.8966029664
-0.0853806570 0.4977967600 0.9315276306
-0.1308193499 0.5945394792 0.7957982585
-0.1684723301 0.4459120258 1.0553656932
-0.1641400531 0.4974135075 0.7859228635
-0.1289830150 0.4604435152 1.0285923570
-0.0155544192 0.4906554815 0.9224062466
-0.1563318921 0.4582881404 0.7802440732
-0.0342279583 0.5217196822 0.8843647538
-0.1967083618 0.4594598655 0.8182853101
-0.1324307326 0.4642287631 0.8501842035
-0.0689746026 0.4881465051 0.8018424042
-0.0394268009 0.5616344803 0.9392994914
0.7957495221 0.8791787389 0.6823336455
0.7648007355 0.9126925187 0.6722478914
0.7476130887 0.9171725488 0.7299057490
0.8133056002 0.8849953576 0.6192591668
0.7271311590 0.8872984930 0.8414113099
0.8254029618 0.8717511240 0.5902313761
0.8371730288 0.9521303228 0.6284027887
0.7042897569 0.9099753496 0.6182118022
0.7440763834 0.9739677678 0.6060584649
0.7747155271 0.9909534293 0.6989522703
0.8673712579 0.8401431818 0.6973955384
0.8420814089 0.9427897396 0.7435147666
0.7565750525 0.9217687235 0.6577702845
0.8228894225 0.9050295073 0.7242342976
0.8505491056 0.8750657241 0.6879408765
0.7567037503 0.9167536978 0.7056689297
0.8534834739 0.9509051960 0.6709269654
0.7862282497 0.9184973422 0.7148571267
0.7712681294 0.9303351176 0.7031898715
0.7413688613 0.9079143760 0.6771842185
0.7904771643 0.8260800377 0.7137602711
0.8199805471 0.7889746409 0.8028735505
0.7775118001 0.9493772423 0.6950423390
0.8857482772 0.8883687467 0.7093887660
0.6482077075 0.9931139401 0.6826350403
0.7801724970 0.9392394860 0.6769874694
0.8348141882 0.8325672770 0.6416429124
0.7491024998 0.8287516161 0.7709357084
0.8147359484 0.9626321472 0.7832432310
0.7233528260 0.7716127588 0.7254454704
0.8614600904 0.8678063065 0.6680650289
0.8433226424 0.9624965214 0.7106040483
0.8292767852 0.9559328607 0.7807236935
0.7939763120 0.8318110420 0.6542156708
0.7450301999 0.8757631335 0.6846789555
0.7679976525 0.8519451220 0.7325993999
0.8446363960 0.8050842452 0.7014444351
0.8336977892 0.8944587693 0.7585393603
0.8456499602 0.9228151747 0.6921732970
0.7430517774 0.8984032188 0.7046143425
0.8533630222 0.9301248788 0.6590082764
0.8789317012 0.8015293422 0.6987797930
0.8329566521 0.9268512128 0.7100862693
0.8790783838 0.8604713406 0.5756547315
0.7237715675 0.7748258668 0.7336008438
0.8778825275 0.7904643009 0.6943197789
0.7909697639 0.8028136710 0.6970086794
0.7676142719 0.8376257593 0.7277385498
0.7660585417 0.8954513106 0.6750920177
0.8140824570 0.9270322448 0.6631647323
0.7984561288 0.9072648629 0.6261687595
0.7466665639 0.8778824245 0.5593588007
0.8464274025 0.9776447479 0.6450118836
0.8588482056 0.9239159240 0.6505976493
0.7240184088 0.8647521519 0.6838883257
0.7115058654 0.8221462356 0.6890677001
0.8629771626 0.9525766506 0.7143530997
0.8435181416 0.9335568501 0.7294855474
0.8059899196 0.9279213673 0.7833675186
0.8306270384 0.8902344518 0.7439404999
0.7063214310 0.8889799741 0.8620912797
0.8847241899 0.9141805541 0.6804242292
0.8020183457 0.8334917169 0.8155068345
0.7352155239 0.8788454062 0.7939826911
0.7783094074 0.8278809502 0.6947310421
0.8041927563 0.8883449029 0.6729870092
0.7908283695 0.8641067586 0.6772255277
0.7954953788 1.0034971255 0.7457490784
0.7915547577 0.8798620464 0.6447682641
0.8309254880 0.8786094374 0.6638344665
0.7444948205 0.8921735573 0.7065632939
0.7188626203 0.9872202946 0.7686117950
0.7350628712 0.8815303931 0.7349967143
0.8054569665 0.8703937263 0.7068097769
0.7348343534 0.9338769458 0.7624900120
0.7309936586 0.8793341261 0.7109107583
0.8904599341 0.9196166389 0.7752134237
0.7754957190 0.9367648975 0.7411593955
0.9098806287 0.9269873422 0.6726143561
0.7743896309 0.9333275832 0.7051260934
0.7659173819 0.8637728736 0.8166642212
0.8669222084 0.8463494076 0.7446226089
0.7516857142 0.9233163629 0.7144755975
0.7824416316 0.9199676207 0.7523272041
0.7669877377 0.9178877718 0.7877660340
0.7053486036 0.9419824107 0.6395363541
0.7320036835 0.8816812597 0.6871450411
0.7843182257 0.9142287013 0.7348514938
0.7658466457 0.8681934124 0.7289060445
0.8874640006 0.8437472934 0.7994282200
0.7924509627 0.8976395381 0.7492145978
0.8549861401 0.8969514926 0.7017089010
0.7951502231 0.8934118270 0.7457744805
0.8803592444 0.9463397277 0.6892479111
0.8382551953 0.9661445332 0.6285723521
0.8274083371 0.8254002690 0.6842331826
0.7102008223 0.9307654329 0.6866712073
0.7725539066 0.8339102471 0.7588067636
0.8684720103 0.9132598110 0.7339256173
0.7619918091 0.9436524285 0.6713096544
0.8226307212 0.8911093321 0.6701149952
0.7785379439 0.8818330128 0.7739176674
0.8309961088 0.9148837425 0.6784877138
0.8163482083 0.8586567644 0.6291388834
0.8301983929 0.9025979604 0.7139770453
0.8074049749 0.8551622815 0.7034674043
0.8418742129 0.9014284465 0.7411598225
0.7518787422 0.8751309318 0.7473116477
0.7474135791 0.8748027622 0.6569854711
0.8942457980 0.8410401088 0.6841873268
0.7525713237 0.7893580901 0.7096794597
0.7547378724 0.8638621406 0.7094049149
0.8192470221 0.8892394458 0.6327831466
0.7209203144 0.9380577925 0.7182217746
0.8769879071 0.9093944956 0.7454908685
0.7851139652 0.8552987090 0.6789992382
0.7995053046 0.8923088207 0.6677092782
0.8140943533 0.8323577934 0.6743240079
0.8812233252 0.9408182101 0.7034626846
0.8011248960 0.9269629993 0.7656517499
0.7121671068 0.8859108813 0.6960774329
0.7809826887 0.9956144488 0.6724345750
0.8473333326 0.9485613917 0.6906098083
0.7661584735 0.8534362523 0.7187943417
0.7453757418 0.8477013924 0.7470988759
0.7970864679 0.9315659871 0.7673521309
0.8467170170 0.8828179688 0.6836393696
0.8828072837 0.7850738875 0.6928769573
0.7689749106 0.9685974310 0.6177731539
0.6799897168 0.8983444786 0.8299556265
0.7014448693 0.8807142048 0.6786985533
0.8560859547 1.0211826477 0.6300741642
0.7185076579 0.9258471977 0.7906463615
0.7574786064 0.8539522485 0.7497462284
0.8078384408 0.8819516074 0.7696235018
0.7261232122 0.9760936327 0.6622789126
0.8720472270 0.8828955329 0.7218472331
0.8791045743 0.8474876795 0.6453996775
0.7880092943 0.8620176375 0.6740674761
0.8272684277 0.8351704152 0.7628232862
0.7987278959 0.8722364299 0.6514157771
0.8430646761 0.9309274978 0.6956417290
0.8345215007 0.8604290887 0.6936887702
0.7561314498 0.9226838824 0.6634727311
0.8609411035 0.9124237220 0.6813029089
0.7949481738 0.8576117995 0.5877326805
0.6586892762 0.8592064246 0.7429220554
0.7699664441 0.9339410962 0.7205083728
0.7928032833 0.9155298819 0.7346154653
0.9070002106 0.9623787581 0.7385717354
0.8361725672 0.8734608515 0.7663519546
0.7983488040 0.9442951032 0.6892117409
0.8079506978 0.8602978255 0.7363881836
0.7534154045 0.9012582996 0.6779745282
0.7995244234 0.7655308618 0.7572851609
0.8125034281 0.9038065814 0.6990596677
0.9215095951 0.8511082049 0.6794844026
0.8616558000 0.9092038633 0.7430634929
0.7154615513 0.9215080682 0.7204756002
0.8711978540 0.8425663756 0.6783488666
0.8868927110 0.9067240530 0.7350899067
0.8598262776 0.9310934448 0.5919163069
0.8546064856 0.9524266998 0.6327044257
0.7242022076 0.9366918647 0.7374200980
0.7838776374 0.9059710441 0.6879393789
0.7968910849 0.8792087637 0.6512495449
