0.8421478085 0.1631959254
0.0074913565 0.2101003150
0.1960567324 0.5350165515
0.6393816533 0.2463072124
0.0734021353 -0.1752734584
0.0770700729 0.4502000449
0.0776185955 0.0559693891
-0.0133053133 0.6815728479
0.4268904045 0.1790532242
0.0798659438 0.4668852369
0.3922377833 -0.0274272433
0.1734950187 0.3018074033
0.7086895103 -0.1700339237
0.7323535133 0.4257466194
0.0565749236 0.2491475871
0.2874874985 0.2954145290
0.0201020726 0.1351891050
0.7774365028 0.2058043187
0.2315244242 0.2774884627
0.2773848040 0.3523678647
-0.2701156280 0.6355667618
0.3479248937 0.3458984860
0.4377487515 0.1860582870
0.5348251604 -0.0413682327
0.7441000974 0.1827285463
0.2157970772 0.0392236241
0.3635230278 0.2682901938
-0.0202739546 0.7339645500
0.0967622070 0.3572927040
0.1084061642 -0.0224845760
0.6283191767 0.3629052554
0.0809828632 0.3399213915
0.0158437303 0.1766238774
0.6111835768 0.4283985162
0.3702094691 0.3305176688
0.4648770730 0.6122777436
0.0678930113 0.0875614589
0.7537175802 0.1934451459
0.4038232319 0.4173450199
0.6433043788 0.3374195126
0.1329148828 0.3619549607
0.4314768662 0.6333052752
0.4647019085 0.3782525223
0.1371937738 0.2743384559
0.3436995518 0.1345786929
0.5820080476 0.3408679112
-0.1818508983 0.3598813891
0.5158960161 0.0685768806
0.4481016245 0.1185932204
0.3186362998 0.3225120774
0.6180574139 -0.1637468027
0.5154310279 -0.0615316692
-0.3451277618 0.0547876944
0.0387734438 0.0673169867
0.1600403989 -0.2046345596
-0.0480261890 -0.0128178865
0.2713394686 0.3668980629
0.2962615932 0.1769503289
-0.1772715544 0.2492223715
0.5098746724 0.3152675465
-0.0638609446 0.5674781767
0.3753995322 0.3601318006
0.6481853944 -0.2145496233
0.1819509428 0.3960868316
-0.0976468813 0.2840068466
0.4685412562 -0.1695078228
0.0495143643 0.3689310939
-0.1211152377 0.3864560766
-0.0436329748 0.4967079263
-0.3081143888 0.2872053220
0.0833209566 0.3894019116
-0.0416544650 0.1640061266
0.0077323130 0.3490540545
0.2215131901 0.3390486251
0.2060898732 0.4028901746
0.3026914627 0.0063210870
0.4061766824 -0.1239665856
0.4757997741 0.3146519729
0.4408244990 0.3950904190
0.3802853277 0.3879393375
0.1588479607 0.5057223170
0.0772129459 0.3609198865
0.8880784335 0.3458063505
0.2289910500 0.5341168461
0.4077884667 0.6263717522
0.0518895042 0.1517458249
0.4619437971 -0.0876473867
0.4254705841 0.5004590975
-0.0941770436 0.3276068616
0.3428548179 0.2960041421
-0.0527874603 0.0594382038
0.3246630873 0.4028159615
0.0296871101 0.2061391551
0.4170683962 0.1145422869
0.3782604756 0.0924345986
0.0757824819 0.5415038485
0.1698806502 0.3150990155
0.4213156609 0.7382241879
0.4512188232 0.5254349045
0.4382622721 0.3968598809
0.4458087285 0.1093289596
0.8549314577 0.6282590787
0.2981791685 0.2583243364
0.6181695890 0.4584300530
0.1071698057 0.2632307526
0.4417920737 0.7256869999
0.3931917223 0.2430320537
0.5691947459 0.3493894561
0.2746053167 0.1903274069
0.5610726070 0.2556283856
0.5698509167 0.4487907763
0.3713173161 0.1968881333
0.6668004425 0.6802764601
0.3422037049 0.1173697802
-0.1114687605 0.6832282086
-0.0720144097 0.1408660813
0.5078421462 -0.0339951356
0.2479114475 0.6914980271
0.1871548744 0.1154051955
0.2006132480 0.1420544717
0.4882080873 0.0099460757
0.3926018691 0.1935122147
0.3685779132 0.4900037005
0.4038892947 0.4976513404
0.1764028255 0.0636815515
0.7056163230 0.2619152347
0.2742645999 0.4002148931
0.4359274256 0.1858825302
0.0675561449 0.3074335108
0.1981877783 0.2657359373
0.2941834673 0.2439265990
0.1008537207 0.3986826230
0.3766325863 -0.0273744832
0.2757456114 0.3437786479
0.4142184858 0.5197802179
0.1642950037 0.0864595696
0.1864282160 0.7693677076
0.4070885820 0.6237451632
-0.2438511176 0.1737282781
0.3512945803 0.4291941712
0.5514652571 0.2664587774
0.2482774820 0.3834652258
0.1575888200 0.1668774806
0.2810382113 0.3819188580
0.0643943412 0.4069637253
0.3626372836 0.6752338165
0.8460215374 0.3078030238
0.0504404601 0.3731548178
0.4312131200 1.0365177664
0.1429025034 0.1746089441
0.3009624011 0.4141562162
0.0885758529 0.5541907176
0.1593950414 0.0184786897
0.0921606553 0.4962874051
0.2864760495 0.7716750243
0.3407498967 0.5777665995
0.3920510843 0.1030994748
0.6745588455 0.2342620019
0.5196514147 0.3366395540
0.5087751377 0.3898435896
0.3599441100 0.0889381925
0.2148881023 0.3845309941
-0.0049649684 0.3028894903
0.3960390692 0.2491462545
0.1466894108 -0.1000862869
0.7609127940 0.4921696091
0.0583910092 0.0635230199
-0.2360340826 0.3644514897
0.4272870782 0.4878803851
0.4303750794 0.5658518442
0.4508798509 -0.0154023094
0.2799958207 0.0668771658
-0.2437303892 0.2488275512
-0.5456735087 0.5065161863
0.0708822380 0.1722912374
0.2924871549 0.2447404726
0.2282942322 0.5927598629
0.3201431611 -0.1849542220
0.4521013851 0.5922091730
0.0978961563 0.5688245874
0.4393723353 0.1300823157
0.2202171459 0.7324866788
0.4854065389 0.2350586559
0.0944083748 0.5840125730
0.7115624356 0.5158563851
0.2367795571 0.3285953840
-0.0579323749 0.5051519359
0.4822578271 0.2573097707
0.2169582244 0.4270412737
0.3973414006 0.5896774541
0.5368076882 -0.0160609454
0.5634410470 0.0391031706
0.6204898635 0.5918466634
0.2668381386 0.5608792591
0.3802330415 0.4634059792
0.6998369708 0.5237564249
0.2713600048 0.4865562379
0.4971834125 0.5944032975
-0.0285621512 0.0152148441
0.8854214660 0.2966647420
0.7490732988 1.0710974626
1.0009564969 1.0889840897
0.6522390450 0.8104216465
0.8360271294 0.7806876920
0.9652150904 0.7704812929
0.8088030028 0.7814816820
0.7441518586 0.8961563223
0.6993513834 0.9021411482
0.8734038315 0.9989162706
0.7222860608 1.1571852975
0.7995166951 0.9987079796
0.7737774870 1.0164102265
0.9068895313 0.9346262299
0.7543998005 0.8211612562
0.7353520136 0.6362105218
0.8754479766 0.7938773170
1.0850209091 0.5968983767
1.0968567963 0.9552156216
0.6444258795 0.9713081475
0.7086799840 0.7969876063
0.8944456909 0.9738799757
0.8386686665 0.7230500215
0.8257396297 0.7875756521
0.5455955754 1.0099745170
0.8595302314 1.0096046614
0.5056934618 0.6468597820
0.7440856432 0.9626449756
0.7945781519 0.8469145357
0.8111298226 0.8313557232
0.9683806780 0.9110543917
1.0238836010 0.9576258117
0.9487703052 0.7365730483
0.8578409872 1.0561983330
0.7255879826 0.8721706406
0.9276695426 1.0244951198
0.7893686866 0.8519713870
1.1554489022 0.8797066989
0.8474567075 0.7126648698
0.9710856113 0.7198996061
0.6300933247 0.9227653069
0.7031257313 0.8209955834
1.1156066550 0.8772078774
0.8417289486 0.9327318447
0.7238502832 0.8976609230
0.7048602638 0.8458435838
0.9242919267 0.9633028851
0.5669137934 1.0383066187
0.8626475576 0.9390957920
0.5948855685 0.8455168337
0.7638380267 0.9215893471
0.6557430900 1.0137842961
0.7348109686 0.9702387353
0.7611233165 0.8726225023
0.8286331740 0.6358863783
0.5870212079 0.8671246224
0.6435919335 0.8326513720
0.6426183968 1.0765819249
0.8534830830 0.9930026685
0.9122413395 0.8050979537
0.6270367040 0.9188759488
0.7873139040 0.7724797677
0.7288905777 0.7261034364
0.8715544904 0.7450124738
0.9055192647 0.9217720621
0.6586872623 1.0163317099
0.7491729430 0.9614831179
0.7694195234 0.5846975499
0.9200511464 0.9131668057
0.8132638303 1.1255446432
1.0179759710 0.8265573058
0.7018046959 0.9617712903
0.7099979040 1.0215775304
0.9973965544 1.3629634381
1.0135007949 0.9748714229
0.7582556111 0.8331690571
0.7387444349 0.8583662877
0.7352529247 0.8422798914
0.6264849579 0.8600666556
0.8253911180 0.8331064867
0.8622711808 0.8952780479
0.8696323383 0.6233589749
0.7851137404 0.9175042393
1.2772333230 1.0297110213
0.6974120230 0.8489534509
0.9692829673 0.9730210072
0.7005885938 1.0745235781
0.7656260178 0.9591790760
0.9289367367 0.8091602161
0.9810020215 0.8835592054
0.8512532687 1.0912567074
0.6808767827 0.9251532210
0.6931254891 0.7739265292
0.6782310907 0.8349148831
1.0109582802 1.1057079498
0.7286065303 0.7901663693
0.5427000401 1.1362454153
0.8938183969 0.9574939736
0.9321465973 0.6994060014
0.5518547324 1.0895389695
0.8078606707 0.8252497543
0.9922687683 0.8750879230
0.7526763934 0.8922287241
0.9575820049 0.5377445459
0.8575864744 0.9489341933
0.8686397596 0.9834489676
0.7607540974 1.0874697394
0.7888559956 0.9616641975
0.7956594494 0.9064791128
0.7862342715 0.9777207441
0.6412269825 1.0687989143
0.7789253532 0.9368715823
0.6597827832 1.0421497566
0.7175510831 1.1074819741
0.9513634283 0.7611220865
0.8119870610 1.1677245270
0.5301134247 1.1815262847
0.8533883047 0.7861044228
0.7119968473 1.1218212407
0.8654254608 0.6664874951
0.8291119607 1.0176764469
0.8944757374 0.7837402653
0.6163153873 1.1205845645
0.5668698561 1.0639154644
1.0200697105 0.9782056358
0.6734845466 1.1221130174
1.0925204864 0.9225498807
0.8874233569 1.0153141700
0.7167698890 0.9464236211
0.6346602588 0.6633553543
0.7452077598 0.9064350178
0.7898298729 1.0473534039
0.8681246545 0.8059767498
0.6335772310 0.5681375173
0.6856236399 1.1782023444
0.8281569987 0.6582969286
0.8983780406 0.8238155458
0.9821705056 0.7681033966
0.5827309053 0.9109909900
0.5640570828 0.9308204177
0.7660719057 1.0174726566
0.9156664382 1.0350765783
0.4689485964 0.9291861654
0.7027528155 1.0185941340
0.7405749686 1.0597376677
0.7833967342 0.9133182327
0.6673181076 0.8684630832
0.9287740811 1.2591446653
0.7405809207 1.1555505839
0.6867785543 0.7937210647
0.7613285198 0.9087087589
0.4703111505 0.7503025538
0.5467952537 0.8918017333
0.7035175353 0.8513672621
0.8511206402 1.1465297590
0.8652014532 1.1927251142
0.5048234961 0.7188511789
1.1343769551 0.9106797861
0.9086520341 0.7200754442
0.7361036866 0.9237179562
0.8567261119 1.0693932973
0.7382568601 0.9063140741
0.8173889504 0.9091847757
0.6663445039 0.8403848463
0.6508424886 1.0626900400
0.9862164184 0.9030888160
0.7265171303 0.9429233878
0.8343193704 0.5264196293
0.9148920915 0.9651564848
0.8461577695 1.0356423374
1.0911700837 0.8240915348
0.8138718805 0.8524245553
0.7081628290 0.7077916786
0.8613613320 1.0320548839
0.9260712965 0.7177778030
0.7641583452 0.7992883878
0.7573928390 0.9300191224
0.7439295414 1.0378819060
0.8288178495 1.0202128335
0.6821539660 0.7932460101
0.7418844079 0.8627275575
0.6014748389 1.1861400793
0.7062960518 0.6498887312
0.8966156939 0.9961755410
1.0073528092 0.8254752649
0.7254383997 0.9836520886
0.7549653923 0.6545255029
0.8174440150 0.9078061219
0.8918736740 0.7543122207
1.0044915113 1.0405252183
0.7939645356 0.7111261486
0.8148922366 0.9461414199
0.6967057143 0.7434976481
0.8047145393 0.7368542414
1.0662339495 0.8710688197
0.7111775986 1.2854477444
0.7839782244 0.9859597957
0.7887555888 0.9384861239
0.8440913326 0.8386604849
1.0644431203 0.9779529658
0.9673729217 0.6187491649
0.9470536787 0.1261309214
1.0473708766 0.1360706634
1.0385874579 0.0481789824
1.0694922990 -0.0089627915
0.9570572246 0.2197988212
0.8930084830 0.0078610611
1.0966159580 -0.1667149657
0.8958073425 0.0313333586
0.9414898128 -0.0332433862
0.9584622699 -0.1442550982
0.9111398252 0.0631877297
1.1088119893 0.0626396843
1.1812664748 0.0168180498
1.0166800187 -0.0252868399
1.0767995693 0.0054967008
0.7807729791 -0.0045901954
0.9167017259 -0.0872702746
0.6601966817 -0.0300062615
0.9711608126 0.0102474150
1.1858559146 -0.0598565820
0.7828485259 -0.0073512742
1.1396343486 0.1105654911
1.0006169937 -0.0528202739
1.0350039687 0.0452892226
0.9595795697 0.1829579802
0.8942542304 0.0308310812
1.0367791599 -0.0312429873
0.9572390767 0.0438878438
0.9037769474 -0.2190889844
0.9936112109 -0.0969505535
0.8960596895 -0.0216600082
1.0006252953 -0.1420384483
1.2106596956 0.1822855190
1.0573598710 -0.0825293321
1.1392967365 0.0471200100
1.0278036420 -0.1741994290
0.8896051935 -0.0299223558
0.9837330489 0.0745764232
0.8396817548 -0.0839560698
1.0553191073 -0.1067150149
1.2236886054 0.0014169229
1.1161153814 0.0348969665
0.8706324399 -0.1097521315
1.1454369658 0.1217965181
0.9847798933 0.1078094655
1.0727688472 0.0005757953
0.9925914600 0.0852205067
0.9635713163 -0.1003915750
1.0308790913 -0.1769696963
1.0984414914 0.0799150731
0.9938610049 -0.0685748425
0.9530343847 -0.1050472982
0.9602140766 0.1112365686
0.9860891207 0.0720710159
1.1028767485 0.0507285091
0.9895164921 -0.1712254929
1.1026613958 -0.0291988022
0.9301901179 0.1918235379
1.0332532483 0.1850760266
0.9737376612 0.0136430723
1.0962528356 0.0473281059
1.1232848087 -0.0111211935
1.0061360861 0.0979987229
1.0354146994 -0.0803040775
0.8330622964 0.1405026883
0.9628252711 -0.0298550335
1.1082412468 -0.1063170171
0.9685041733 -0.0349064732
1.0232230407 0.1266648046
0.9909694431 0.0014075713
0.8585803716 -0.0515342416
0.8820452274 0.0426366210
1.0613464569 -0.1896851397
1.1200330366 0.0085111975
1.0155877460 -0.0721808599
1.0383179277 -0.1139541793
0.9384572755 -0.0550852790
1.0053879748 -0.0577491473
1.0454327820 -0.1080117651
0.8656691990 0.1322069354
0.8544843407 -0.0153495774
0.9918687561 -0.0632296849
1.0921696401 -0.0700299542
0.8174638704 -0.0166171279
1.1373466424 -0.0041533153
0.9659175016 -0.0702043180
0.9802076741 0.0484550568
0.9143067801 -0.0049687510
1.0890288954 0.1160134887
1.1281894658 0.2044263534
0.9566955127 0.0673560288
1.0270075686 -0.0022284499
0.8934392125 0.1011695970
0.8648034039 -0.0013130491
1.0568418226 -0.0617267234
0.9229521261 -0.0106294341
1.2093739537 0.0018427310
1.0632334336 0.0407065264
0.9392724923 -0.2329043754
0.8731750607 0.0104777027
1.2466500985 -0.0773421637
1.0138713566 0.0552205688
0.9055543128 -0.0841898972
0.8761431035 -0.1221149884
1.1713026920 -0.0099060788
0.9714637659 -0.1264755655
1.0444496286 -0.0236016106
1.1313443209 -0.0410974921
1.0121701863 -0.1314045164
0.9641049081 -0.1080712247
1.2023399626 -0.0249142325
1.0858698891 -0.0661202223
1.0628043271 0.0525487893
1.1297915649 -0.1105257743
0.9395251940 -0.0190785650
1.0921449104 0.0765230849
1.0389134909 0.0805924187
1.1151234885 0.1205147167
0.8816741569 -0.0252196887
0.9394747200 -0.0422070461
0.8943920198 -0.0831645546
1.0733509050 0.0466730484
0.8926890802 0.0056497763
1.1578693672 -0.0027334641
0.8281143235 -0.1494874783
0.8209253204 0.1071637481
1.1450285798 -0.0130255521
1.0108784910 -0.1624206171
0.9589392633 -0.0183843570
0.8188861891 0.1220364052
1.0557819678 0.0598753811
1.0836992304 -0.2099020008
0.9973927987 -0.0600673679
1.0524200679 -0.0307683963
1.0153695043 0.2283944465
1.0687541287 -0.0006731087
0.9038008952 0.0568299210
0.9829101358 0.1292082444
0.9966150976 0.0530170893
0.8854471174 0.0977403559
1.0270334121 -0.0936926311
1.0393025954 -0.1404829202
1.0110979190 0.0183014822
1.0574263755 0.1015849591
1.0072985488 0.0867759866
0.7832321476 -0.0276422863
0.9458435366 -0.0919274767
1.0108120090 -0.0652424390
1.1318396438 -0.0891773797
1.0600804980 -0.0422830425
1.2606412227 0.0100025706
0.9436745234 0.0237621086
1.0830171527 -0.0219658726
0.8654803511 0.1305925992
1.2159609777 -0.1221884922
1.0845648927 -0.0419286602
0.9210426833 -0.0499435813
1.0142695953 0.0637825413
1.0321269030 -0.1123469673
1.0450432424 -0.1946483047
0.9673846071 -0.0243949644
1.0073162672 -0.0078775440
1.0532965244 0.1909242966
1.0052657890 0.0471527021
0.9292071999 -0.0719136321
0.9296755908 0.0301619434
0.9668148725 0.1033911773
1.0650367962 -0.0652900459
0.8298210303 -0.0292809461
0.8516076862 0.2105032959
0.9142522721 -0.0029060367
0.9985422726 0.0434021637
0.9598795411 0.0255731057
1.1049746966 0.0563054320
1.0330398057 -0.0914058679
1.0715218869 0.1499609095
0.9965626841 -0.2104683976
1.0108733678 0.0127261135
1.0338592135 -0.0975254218
1.0973058718 -0.1604960450
0.9287776296 -0.0493652041
1.0862112335 0.0072643856
1.0194102461 -0.1623343828
0.8394134996 -0.0376653573
1.0298280527 0.0400187682
0.7580623983 0.0876005623
0.8612224162 0.0459172621
0.9319543188 0.0499045341
1.0574832202 -0.2039413672
0.8431808415 -0.0801666891
1.0961368682 -0.0218747008
1.0056381513 0.0493990940
0.9122686151 0.0238478100
1.0939169342 0.0460925402
1.0028971222 -0.0859740565
0.8473220219 -0.1338337514
1.1158571702 0.0221220055
0.9699003271 0.0344996127
1.1258165093 -0.0184084231
1.0898705059 0.0215605588
-0.0277146910 0.8634528091
-0.1103010469 0.9698438757
-0.2440223487 0.7309609082
0.0285266501 0.7600956363
-0.0092353773 0.9405980472
0.0120609581 0.7147785614
-0.0006671171 0.9243829803
0.1261598099 0.8431852555
0.0206845577 0.9413406752
-0.0938548990 0.9351437518
0.1019940622 0.9577219420
0.1816609868 0.9487329255
0.1179031489 1.0764451195
0.0173836284 0.8674150657
0.0216775131 1.0261140633
-0.0639581385 0.7765137834
-0.0309706866 0.9806268967
0.0222584606 0.8643965210
0.1403730217 0.7535850573
0.1372686945 0.9547510527
0.0100910530 0.8454805838
0.0293248612 0.9531932931
0.0693105405 0.9239293139
0.0118824374 0.9303990927
0.1141677829 1.0066428458
0.0470183384 0.9022061936
0.1082069489 0.9512275699
-0.1989112624 0.8489217322
0.1242754616 0.8079520151
-0.0612392127 0.8460122312
0.1242668660 0.8079364795
-0.0804945401 0.9944099716
-0.0887448894 0.8981289758
0.0015926919 0.9230967300
0.0247481163 0.9468157868
0.0538320881 1.0412725576
0.0752094544 0.9525216716
0.0249255573 0.9256265342
-0.0120799032 1.0761910201
-0.0308547497 0.8345155037
0.0831151343 1.0536655882
-0.1806379365 0.8699675715
-0.0765095402 0.9273806529
-0.0024793015 0.9862492350
0.0954974775 0.9205856668
-0.0131348021 0.8823270951
0.0592827797 0.7979087694
-0.0851407487 0.8905957446
-0.0082911173 0.9066521532
-0.1933288752 0.9938547428
-0.0043138098 0.9160382559
-0.0381213588 0.8950872867
-0.1045605794 0.8912689769
0.0043887244 0.8755679894
-0.0514394915 0.9785431856
0.0882715961 1.0601357427
-0.1059225122 0.9564111168
-0.0687803793 0.9725824156
-0.0228092249 0.7505433238
0.0886861391 0.7369343593
-0.0173755325 0.7845600678
-0.0098202977 0.8357500473
0.1611323711 0.9688642922
0.0052480209 0.9278288311
-0.0124322272 0.7848571622
-0.0162666724 1.0357405612
0.0468589701 0.8476771831
0.1300366522 0.9761270867
0.0027333155 0.9411052311
0.0985235119 0.8741517202
-0.1063841840 0.9128226206
-0.0925830715 0.8323651361
-0.0751890764 0.8958904954
-0.0780589246 0.8266132766
-0.0950567428 0.9898988266
0.0576680601 0.7497484479
-0.0589521978 0.8927086203
-0.0135164504 0.9605047405
0.0133203501 1.0849804066
0.0073931587 0.8974071051
-0.0792619198 0.8327871019
0.0155186919 0.9586018451
-0.1118567686 1.0047196375
0.0155706630 0.9855809760
-0.1140048888 0.8052922788
-0.0177427989 0.9690577461
0.0620600563 0.9267592864
-0.0565641084 1.0215063232
-0.0934719830 0.8456605666
0.0416779730 0.9038825645
0.0373198351 1.0063066130
-0.0103971952 0.9427701297
-0.0605374406 0.9305835770
0.0107436258 0.8975875861
0.0069955368 0.8485087019
-0.0184511759 0.9744877967
-0.0696314252 0.9187822527
0.1115652303 0.7915042447
-0.0662898264 0.8487335728
0.0651931977 0.8545772643
0.0016514700 0.9752029566
-0.0232965497 0.9002995897
0.0115508510 0.8247385913
-0.0035567187 0.7693767582
0.0147823367 0.8774054088
-0.0913048542 0.8875824288
0.0251387420 1.0096642203
0.0605319369 0.8384162449
0.0313149077 0.9599939797
-0.0807679780 0.8754066455
-0.1143444046 0.9078587562
-0.0483857903 1.0489981762
-0.0656384412 0.8806754271
0.0110932751 0.7515184204
0.1226394447 1.0039874666
0.0208805073 0.8254811781
-0.0858935596 0.7861780501
0.0484653728 0.9568792048
0.0146821046 0.8766972476
-0.0498443506 1.0044921308
0.0553090595 0.8327320636
-0.0266656828 0.9592689001
0.2007617980 0.9245655167
-0.0815998510 0.7716058479
-0.0915917903 0.8130461051
0.0560323002 0.9745980680
0.0243111026 0.9272216335
0.0142967769 0.7212089118
0.0725202674 0.8757598087
0.0992531426 0.9354998694
0.0924181003 0.8893687067
0.0543523773 0.8701278526
0.0878231025 0.9894008095
0.1801230023 0.8811840414
0.0390504506 0.8391118880
0.0940462260 0.9056006765
0.0637976875 0.8973998315
-0.0801062158 0.8918405366
0.1315030416 0.8829894500
0.0482716038 0.9702268055
0.1292146763 0.7705433340
-0.1499535462 0.9927601661
0.1134700349 0.8677147234
0.0135944607 0.9815888647
0.0490773685 0.9415628833
-0.1324472533 0.9687558667
-0.0215138098 0.8923510375
-0.0158353218 0.9148588693
-0.0402894392 0.8451808474
0.0035889855 0.7735004399
-0.0546440091 0.7912423071
-0.2012578371 0.7223854649
-0.0118886246 0.8217486091
0.0076775788 0.8914239721
0.0398292037 0.7794411041
-0.0618779637 0.8648504889
-0.0472890518 0.9463680840
-0.0254771410 0.9462714407
-0.0332469920 0.8991356379
-0.0941316517 0.8735292861
0.0362137197 0.8261206959
0.1089115620 0.8238043956
-0.0656525546 0.8060841626
0.0615881394 0.9379488270
0.0704913433 0.8444762031
-0.0768757279 0.9393824651
0.0261719786 0.7752166528
0.0634330898 0.6723176327
-0.0304455056 1.0437515887
-0.0593140424 0.9846373460
0.1014622417 0.8598875101
0.1413021695 0.8252632151
-0.0952853651 0.9512555258
-0.0121201064 0.9937521943
-0.1658494034 0.7957848651
-0.0801773889 0.9429648496
-0.1717164286 1.0012513177
0.0972699465 0.9869051968
-0.0095580054 0.7964803212
0.0653562494 0.8853122331
0.0323846686 0.9059178954
0.0955887770 0.8890598702
0.1660970736 0.8932967925
0.0613241437 0.9745287220
0.1025339319 1.0366238404
-0.0809059320 0.9052655108
0.0947882026 0.8589486832
0.0356366899 0.9708896086
0.0206543849 0.8435146906
-0.0210020391 0.9633656481
0.0348002560 0.8339851576
0.0388289263 0.8607366114
-0.0042170158 0.8879992981
0.0310246864 0.8249137302
0.0409410690 1.0036572261
-0.1593373245 1.0049482664
-0.0419770511 0.9354828357
0.0881869395 0.9059122741
0.0439419675 1.0295484857
0.0093401257 0.9339351965
-0.0036153625 0.4554512879
-0.0958757346 0.4601595804
-0.1360827691 0.4660489221
-0.0558075375 0.4965330341
-0.1159364410 0.4165789367
-0.0687630709 0.4633505991
-0.0704046949 0.4942141360
-0.1929235779 0.5442284808
-0.0617315330 0.4729268532
-0.0986933201 0.5241116574
-0.1284800492 0.6041865077
-0.0736120730 0.5440082922
-0.0347284875 0.5051980937
-0.1082402838 0.3891919109
-0.0943123525 0.5346913442
-0.0438279058 0.5162884799
-0.0286020266 0.4907614640
-0.0408637722 0.4911462746
-0.0538212497 0.4493939718
0.0011933308 0.5320393676
0.0402880240 0.5011926042
-0.1751031077 0.5504047092
-0.1895093110 0.5315124197
-0.1827337060 0.4787152139
-0.1635193560 0.3976006639
-0.1346084247 0.5284219463
-0.0011851415 0.5270954919
-0.0491207981 0.5171637696
-0.0764166478 0.4565089158
-0.0259865187 0.4574456298
-0.1086309020 0.5231727896
-0.0089495605 0.3955806145
-0.1193432356 0.5859853577
-0.0780964923 0.4923923377
-0.1465225752 0.5476179212
-0.1036819233 0.5611517746
-0.0798898040 0.4745477590
-0.0763919691 0.6044682217
-0.1319979491 0.5257621838
-0.1155113944 0.4814049586
-0.1479516884 0.6231779677
-0.1460683979 0.4767408544
-0.1576677329 0.4447501968
-0.0444706427 0.5802767973
-0.1123711188 0.5185965699
-0.1470288376 0.4730642997
-0.1499118079 0.5164058075
-0.0462516617 0.4805286348
-0.1398375134 0.3762609879
-0.0844215803 0.5656328844
-0.0518067673 0.4561004445
-0.1195300777 0.4213397500
-0.0299040870 0.6385367156
-0.0962181505 0.5445918543
-0.1624340369 0.4440277001
-0.1898473291 0.4971028797
-0.1338741421 0.5609657786
-0.0864870453 0.5999787676
-0.1217419906 0.4349940402
-0.1210080701 0.4173948544
-0.0528466569 0.4403405538
-0.0436607053 0.5895195089
-0.1176880766 0.5447437789
-0.0861102760 0.5216914331
-0.1566065616 0.5255719075
-0.1013257329 0.5259199296
-0.0604636735 0.5590561426
-0.0699835330 0.4654864682
-0.0944435458 0.4810872158
-0.0658949424 0.5207353123
-0.0028404291 0.4579324886
-0.1433001218 0.5632293251
-0.0422674270 0.4220236994
-0.1618973316 0.5299689240
-0.0832534706 0.4684356900
-0.1437732928 0.4675274626
-0.0741382019 0.4631315141
-0.1090865318 0.4932550245
-0.0520924444 0.5001760305
-0.0785944966 0.5213101647
-0.0842001710 0.5595124810
-0.0369304810 0.5916967107
-0.1128560701 0.5063126047
-0.0886333820 0.4109151876
-0.0011283317 0.5751710904
-0.0810308367 0.5612785389
-0.2134455801 0.4429332761
-0.1307856246 0.5840019539
-0.0919530925 0.5084513792
-0.1271137765 0.4581324822
-0.1051781884 0.4615725576
-0.1215983799 0.5177332094
-0.0659942563 0.5315451577
-0.0905570546 0.5598640864
-0.0711420062 0.4889713559
-0.0447979126 0.5288927735
-0.1373275455 0.5669549039
-0.1337761384 0.4676409126
-0.0534972382 0.4837196007
-0.1807846647 0.5591280036
-0.1042617536 0.5644247159
-0.0745725327 0.5264070000
-0.1242499582 0.4362940362
-0.0979972899 0.4821970626
-0.0973450003 0.5352757957
-0.0996312243 0.5431060878
-0.1436511300 0.5612027611
-0.0677695483 0.5154341998
-0.0811281163 0.4438642921
-0.0035984086 0.4396543830
-0.1050761889 0.5305535527
-0.1143913371 0.5810491382
-0.1446411185 0.5278547151
-0.1339626559 0.4911544637
0.0082484282 0.4192238918
-0.1375198135 0.5704164531
-0.1182996411 0.4586928882
0.0113216016 0.3948498111
-0.0822362180 0.5597722773
-0.1154331961 0.4060473164
-0.0878144430 0.4880833639
-0.0687428514 0.4792594966
-0.1067092547 0.4428691863
-0.0522716477 0.4906476284
-0.0688686553 0.4055164725
-0.0410134976 0.6250892457
-0.0864708105 0.5334125079
-0.1540947727 0.5099148331
-0.0784879617 0.5283812598
-0.0322455779 0.4052811559
-0.1480216868 0.4348652402
-0.0626060974 0.5259673685
-0.1628868260 0.3886596359
-0.1885865033 0.4950035863
-0.0788611797 0.5336415193
-0.1101510205 0.5163240709
-0.0230803125 0.4761852471
-0.0670937241 0.4719433663
-0.1075627207 0.4655257889
-0.1229905459 0.5747375809
-0.1376138206 0.4673116538
-0.0873782300 0.4761903661
-0.0412676194 0.4870211217
-0.0586418292 0.5233844269
-0.0785661718 0.4473385138
-0.0678308700 0.5166970147
-0.1546209967 0.4895046763
-0.1416614596 0.4925248440
-0.0148006349 0.4862411969
-0.0735664138 0.4512907620
-0.1502879468 0.5404162733
-0.0970681418 0.5705932495
-0.0293999410 0.4050582641
-0.0561019490 0.5087093773
-0.0803491903 0.4967211890
-0.1044586588 0.4619686330
-0.0633846942 0.5382065416
-0.1644246193 0.5780381803
-0.0475242178 0.3597749462
-0.1474581889 0.4413788961
-0.1314896862 0.4407428482
-0.0692312495 0.4222543262
-0.0893947260 0.4558506249
-0.0967121022 0.4428495310
-0.0438611788 0.5093503124
-0.1123261928 0.4618781551
-0.1390357766 0.4375608747
-0.0718841400 0.5240577511
-0.1185578371 0.4086594961
-0.0980909956 0.5552340179
-0.0684675837 0.5184723407
-0.0967036459 0.5176158512
-0.1233089772 0.4300791678
-0.0281433929 0.4929442358
-0.0178733426 0.4563051863
-0.1339389499 0.4626974872
-0.1236467262 0.5646719636
-0.2475164923 0.4221860108
-0.0780968876 0.4338712455
-0.0608259675 0.4477589912
-0.1571434120 0.5336748626
-0.0988202259 0.5079324534
-0.1277006335 0.5369679664
-0.0676519595 0.5110600508
-0.1325339918 0.4180711162
-0.0271938789 0.5235113045
-0.1027254632 0.5554592089
-0.0710907575 0.5110229325
-0.0840825358 0.4526470591
-0.0704738495 0.4427660988
-0.1287861302 0.4255524199
-0.1544317137 0.5047281800
-0.0488883886 0.4028844650
-0.1588587076 0.4856627900
-0.1266915283 0.5733762336
-0.0428427302 0.4425019219
-0.1379972484 0.6037997090
-0.0813792811 0.5403539048
-0.1767580040 0.4916849812
-0.1230678311 0.5303061994
