1.9602247805 -0.3552152714 0.2560238808 -1.1877215032
-1.0863118711 -0.4383608614 -2.1183968386 -0.3711629144
-0.0749740364 0.5284881813 1.7771126461 -0.6904666184
3.7348457222 1.2895806214 0.1448612183 0.3352026566
0.4905949779 -1.0434029318 1.0417675702 1.6884956866
-1.5716386853 -1.5256413729 -0.2078941483 0.7695300964
-0.0193873702 -1.2598599769 -0.3599716118 0.5118295152
-1.2698532562 -1.1645921011 -2.1026075907 1.7050867207
0.5754576261 0.7108879205 -0.6801664970 0.5975630151
0.3432539045 -0.8790020767 -0.7110513266 -1.6762437589
-0.2752117408 -0.2854345044 0.7837003493 0.1111824186
-0.2909826433 1.9914460191 -0.3072623644 2.2064738499
1.4538854550 0.0565497487 0.4598238114 -0.3752992854
-0.8546319035 2.3457653695 0.1666430335 0.5451079717
2.0090049958 1.5136756639 -0.4293902508 0.6655191383
-1.5177705573 -1.3772161656 3.0160042170 -0.2979599101
0.0195070770 -0.4176994537 1.4066500359 -1.6415585994
-0.2985624678 0.6882696026 -2.0104308745 0.7366450894
1.1536405348 -0.8613549288 -1.2829809840 1.3435045018
0.5466755665 0.3989806091 0.7301141768 -0.6590910148
0.8930917790 0.5024719311 -1.3233492397 1.0367468891
-0.6788610340 1.8672666755 -0.5565872767 1.4956542415
-0.2845113483 -1.0962754566 0.0890886578 -1.5915772698
0.8954863841 1.6419259288 0.9520571950 0.7625286706
-1.5747642214 0.3667547517 0.1031819923 -0.5765125203
0.5898120900 -1.7102585680 1.1752122015 -0.9185281175
2.2658643855 0.6291399649 1.9767104751 0.6700856268
0.0891491274 0.4191045027 -0.0611590433 -1.0363364636
-0.9464907292 -1.1072459175 0.2749105192 -0.6076906579
0.7359904750 -1.1646735156 0.5784234739 -0.0254460048
0.8872591362 1.2421722408 0.8901033343 -0.7901198429
-2.0409069927 0.5058368997 -0.3438758787 -0.4285577128
2.9994830231 -1.5418535409 -1.6351961337 -0.6997440586
1.0950224786 -1.0105130811 0.5519167525 -0.5410572334
0.2342344483 -0.6885302123 -0.1531829339 -0.5926291094
0.7879054680 -0.1327535146 -1.6671729459 1.0531737353
-0.9645751795 0.6982391006 0.6669330694 1.9368825196
1.1639579033 -0.5930357248 -0.4638879592 1.6492653403
1.4920642229 1.2841299475 0.3894753862 -1.1109867752
-0.0950017213 0.1145265690 -0.0395658006 0.9950271408
-0.4284787790 -1.0517954694 1.4318485313 -0.6400924068
1.2703021089 2.1724679336 1.2699415514 -1.3194390545
0.5705151531 0.5594858070 -1.9392390077 -0.4922463417
-0.0175235710 0.1421595307 -0.0443856417 -0.1499337218
0.7066315602 0.0614889943 0.7313615726 -0.1959590268
-1.4804138318 -1.4269125677 1.3966611814 0.0822408525
1.3831925676 -0.4678138308 0.3789040733 0.9662079460
1.2550815823 -0.9187871830 0.9843400554 0.2226002900
0.0902502793 1.3828855613 0.3390047413 0.2787609509
-0.7840168296 -1.8512874445 0.7695273459 -0.5343434851
-0.0548610458 -0.6700410186 1.1137190040 0.2820710544
1.9603289949 -1.0266142212 1.9870902354 -0.1028243648
-0.3769389155 -0.7517746621 -0.9824747580 -1.7315605403
1.0978238065 -0.9747994261 0.8355901041 1.5465007405
1.3472914200 0.4630170220 -0.9819920940 -0.7030700006
0.9938981161 0.6217618626 0.0720104660 -0.5317012747
1.0232864972 -1.5077852516 -0.7727784065 -0.4875300381
1.3053196248 1.7181278467 -0.4626805318 2.0031890751
0.2073928415 -0.2613371691 1.5955959373 0.5189362755
0.2387240848 -0.6169861602 0.4592707062 -0.2831567400
0.6909664613 2.0038973379 -0.3335483826 -0.2888498269
-1.4109428388 -0.4656201270 0.1855419183 -0.0609865886
0.8427083986 -0.7472196886 -0.4047807378 0.1060279425
1.2347849451 0.3059329033 -0.7469874116 -2.0243150404
-0.2207177159 -2.2741545048 0.8547175835 0.6469642006
0.6567042224 0.9382024149 -1.5052133045 -0.9230943856
2.1303091827 -1.2065312987 0.2375101976 0.7771705787
1.4672987161 0.7622853495 -1.7746179771 -0.8582649662
0.8962362367 0.1217531855 -0.3096592704 -1.3957123334
1.3870098353 1.3761570783 -2.3776853372 0.6272619560
-0.1720744480 0.1413190399 0.9373684015 2.6645772804
-0.8323909799 0.1325438021 0.5026951641 -0.1477786267
-0.3801949550 -0.5961537618 0.5387133073 -0.7384346342
0.7486974534 -1.5046436895 0.7252214339 -0.1332813320
-0.5826440497 0.0824201359 1.6925728690 -0.3058027186
-0.2195298293 -0.3592070665 -0.3649271057 -0.2777094591
0.1322510442 0.9232939228 -0.9338975179 -1.6410667157
0.6997777888 -0.8739966606 1.5120518746 0.2279681864
-0.8835371875 -2.2045250294 1.0893415403 -1.1712356782
0.4033520948 0.5728496571 -0.2403313147 -0.4413179494
0.8848512347 -0.2714977931 2.3040274000 1.2749205137
0.0240658136 0.4643618755 2.3909921474 -0.4567682530
0.6086071016 -0.5554047113 0.0672569384 -0.5051784027
1.0458073754 0.7746486644 -0.1845563181 -1.5051539308
-0.7346738413 1.1533432626 0.3950070050 0.4150197329
-1.1835758066 1.6656796632 -0.3603486645 0.0248554285
0.6900386552 -0.2233145337 -2.0835997370 -0.1304394458
0.8110469512 -1.1267980182 0.8599375776 -0.3892245988
1.6663936449 -0.6576499127 0.4678007989 -0.4194300510
-0.3856740234 -1.5260721565 0.3674003631 -1.5814530448
0.2954463923 1.6434711385 1.0783875034 -1.3688547217
0.8319694780 1.2095432410 1.4382120623 0.3091388377
0.3259272062 1.2422794471 0.2297377258 -0.5805433259
-0.2482209337 -1.7050528416 0.2880191969 0.3120060051
1.2391667742 0.4493538642 -1.0918788129 2.0099288753
-0.2340526249 -0.0275276718 0.3786784804 -0.2644026814
-1.2468006481 0.2452890615 0.2050700970 -0.2649120671
-0.6131505709 1.1257950506 -0.1917376063 0.5930141206
-1.0144368573 -0.0156091513 -1.0448792531 -1.3949991392
0.1909962984 -0.1172503641 0.2716880476 -0.4260505113
-0.2994973019 1.8986260415 0.1543013955 -0.1580685170
0.4920028603 0.5781389095 0.3537895012 -0.7235182869
-0.3927433815 0.4172045011 -0.7664026794 1.0635801350
0.5737832912 0.1318949727 -0.0148464299 0.2874591140
1.6216662993 -0.4252236403 -0.1216779165 -0.0032549055
0.1500873904 -0.4316051032 -1.6462911079 -1.6797505396
-0.5455874016 -1.7949057664 0.3389828935 0.5812740993
-0.1918998804 -0.9983208085 -0.3658703619 -0.2125099682
-0.9625502291 0.3571205872 1.6302163753 0.0720355154
-1.9740672822 -1.1441686060 -1.4862143167 0.3750503728
1.6903019394 -1.2326133476 0.5386793191 0.2179734764
-0.6105948058 0.8485386128 1.8450993252 -0.6892930159
1.0221877686 -1.5766110563 -0.0818911578 0.1923265021
-0.3435120078 -1.5205614809 -0.1515283778 -0.0399851981
-0.0167702642 -0.2521328402 2.2078894461 0.3922485221
1.8066381551 0.4584588879 -1.1076894613 0.8221646062
-0.7760528066 -1.4431550431 -0.2077621243 -0.9820134434
-0.4748142738 -0.1033082005 -0.0277705095 0.7607355898
-0.0186568298 -0.2465297956 -0.9168072823 0.9338946949
-1.1880290735 0.9747886135 -0.2905837212 0.3916818571
1.2454337987 -0.0175555443 -0.0650519507 -0.8088546939
0.3777198782 1.5103273558 0.2883690002 0.5231462440
-0.9261597601 -0.5774901460 1.6637268995 0.7725282568
-2.5774872051 -0.2169417217 -0.3928649315 1.7791895539
0.6756492841 0.3923435646 -1.4401840860 0.6732940408
0.7305423426 0.4645994917 -0.5915130914 -0.3143934417
0.0880685615 -0.3476577236 0.6562450478 -1.3938100053
-0.8388440636 -0.1869795742 0.8470189836 0.8281145081
0.7322629982 -0.1624490672 -2.2219741116 -1.5253662132
-0.2315520356 1.1585777112 0.1125742022 -0.2993679820
0.7831338872 -0.8560987618 0.5832902945 0.4591646764
-0.7174756963 -1.4322083072 0.4386764675 -0.5238822694
-0.2525673195 0.7112283384 0.8372395992 -1.3327426359
0.1907701687 -0.2736226403 2.2290477472 -1.1210141291
-0.3791015782 0.7993005020 1.4681527076 -0.0681294246
-2.1912395924 -1.0669912865 -1.2168299439 0.5566584625
-0.4119981559 1.0914858168 -0.1876393660 -1.4668430187
-0.0099160348 -0.9103981924 -0.0324463885 -0.2886724210
-1.4082919282 -0.7404713637 0.5467925527 1.0741815368
-0.0665804953 1.1302727416 0.0640900898 -2.8724293550
0.5586373078 0.0479213460 -0.9165492807 1.2601907948
-0.9759001486 -1.6974369052 -0.0499664961 0.0853876344
-1.0396937915 1.0018880216 -0.3459112866 0.0836266018
-0.3589576074 -0.4645223307 0.0508927993 0.3709008854
0.8703773756 0.9773704884 -0.9692139065 0.4628696665
-1.7210010972 -0.1231727010 0.6452594119 -1.7098362440
2.8495294516 1.8304562757 -0.0580407186 -0.4357512856
0.3545635794 2.5088779529 -0.7292816091 -0.0377074687
0.2908220257 0.4076381432 -0.6460811248 -0.4032774046
-0.2091288531 1.0416259761 0.5172385781 -0.2940116179
0.3573860007 1.7288288335 1.6407685555 -0.8000831044
0.1273547627 0.5947328016 -0.4306945434 -0.1033642655
1.0169503206 0.0946736064 -0.8956279730 0.2018683539
0.9814554961 -0.5935622698 -1.0504462769 -0.6608169984
-1.6610944837 1.4839173594 -0.3439863712 -0.0453234120
-0.9551360778 0.2775875587 0.7149714756 -0.7027227582
0.9546099395 -0.3193654219 -0.9169499698 0.6487442385
1.4040534822 -0.9732274691 -1.8739570150 1.9563646514
0.9775027848 1.0275823897 -1.3687149820 -0.6961391478
1.1675987622 0.8508885582 -1.2310876431 -0.0899363364
-0.1039469561 2.2609961570 0.1795522555 0.6710329910
1.1553637564 1.9414639281 0.7988274592 2.1319499900
-0.6219451345 0.2105869233 0.5543732833 0.8805994551
-0.3927680694 -1.0556677881 -0.0007030993 1.7007932421
-1.6047635560 0.4380953017 0.0869951818 -0.6610158818
-0.9911391482 0.8058841412 0.7208781679 1.0071341455
-0.5639933922 0.5406390060 -1.4685292509 -1.2951360676
0.4241510288 -0.9028877395 -1.1040247338 1.3609919478
-0.4934118356 1.2200816193 0.1435994876 0.4155392765
-0.8149824828 -0.5552164077 0.4348731999 -0.3449223873
-1.3309119489 -0.0261181302 -0.1200924788 1.2298805997
-0.3780666505 0.4413645975 0.5715205503 1.1030060521
1.6815212250 -0.4746118546 0.4050090044 1.0581730874
1.1881908267 0.1290412487 1.2810761466 -0.4523678394
2.1145642642 -0.8879557106 0.3813418022 0.4691136776
0.7975200829 -1.0549000665 1.8408953360 -2.0952817904
0.9112242089 0.3661669025 -0.1684908623 -0.7056928156
0.9884250408 -0.3660953901 0.8434204604 -1.7939593947
-0.2634763296 1.3954602016 -0.3808368267 -1.1617471183
0.3872173714 0.2107377864 -0.0109289341 0.2171718015
0.0433607080 -0.3662754017 -0.2067055660 -0.9319241129
0.7204957150 -2.0666170553 0.5683364980 0.5643141913
0.9674601657 -0.2142348957 0.3335024973 -0.1359102903
0.3262135343 1.0369829797 0.4940075217 -0.3448062992
-0.1899282547 -0.0999774449 1.4313482087 -0.0012613833
1.2382524224 -0.9501074834 1.0092485182 0.2427830035
0.0156701417 0.3708087315 0.7438157095 1.3355562967
-0.6408799254 -0.3137063207 -0.9712071578 1.2503107711
-0.5405214438 0.6071450143 0.2687731278 0.3897954673
1.6944540386 1.4914401695 1.1627521268 2.2137299634
1.2116957349 -1.6651423556 0.8174766683 1.1535582070
0.6710425701 -0.3139359722 1.7041582622 0.8171670124
-1.0791935510 -1.5360841489 1.0435047592 1.8098938449
0.3689495864 1.5765497197 0.2940604445 -0.7240871527
1.1104129570 -0.6401089610 0.0665641214 0.1442089351
0.0494008794 -0.0400604662 -1.1663373237 0.4683218671
-0.4450733623 0.6371560369 -1.3915288162 -0.7124518769
-0.5802696912 0.1341036054 0.4545396604 0.3558765975
0.1619493725 0.8816424007 -0.8089946735 0.2666014263
-1.0062697533 0.6523438937 -0.5341118646 1.6721086161
0.4331210306 -1.1820248314 0.0155068205 -1.7550573572
-0.3378822595 1.5218461349 0.5634126357 -0.5583252607
-0.2926667826 0.2051529880 -1.2514686091 -0.9366482845
-0.6623525502 -0.3980134456 -0.3314678443 0.1214213674
2.1448296444 -1.7472204080 0.3881239232 0.5991872060
0.0167812391 -0.4737897422 0.5991545068 -0.4370366309
0.8554482957 0.9429248324 1.1141449229 0.4462314672
-2.1072044610 1.1285590017 0.4414335626 0.5784331103
-0.1127685620 -0.7188129029 -0.3126089166 -0.2570441176
-0.5535059959 -1.6280364103 0.7008494031 -1.0679950821
1.3520783786 -0.4146537649 0.5916725808 0.2129672584
-2.0463229669 -0.5900898554 -0.2858174862 1.4483794403
0.3931350692 -0.8127423658 0.2184421565 -0.2314283678
-0.2680181601 1.9971302734 -1.2249219711 -0.4224490918
-0.2352087965 0.3713410224 -0.0590205052 1.0776074912
-0.2137473762 -0.5366250888 -1.5830544664 0.4953762214
0.2781565760 -0.8565725889 -1.7585884698 1.2466986582
-0.0144564266 -1.6533830792 -1.2079188615 0.6423086418
0.6682932430 0.0365172148 1.5233029074 -2.1476831345
-1.0784148968 -0.0159779599 0.0785954974 -0.6600490118
-2.2215116626 0.2661581387 -0.4616798982 1.8737376439
0.0685698597 -1.2946894702 0.6632295132 -0.2560453585
-1.0010429688 -0.0146157587 1.0745007833 -0.0934795862
-0.2634900788 0.6448986815 0.0987321846 -1.5427664617
0.0363918514 0.8063804293 0.0715611728 -0.4470150251
1.2630803798 -0.5688526237 -0.8184830777 -0.2471561628
0.6974025937 -0.9833487438 -0.1432862674 0.7501593915
0.6373526838 1.4730447647 -0.5044511408 -0.0202572023
0.6459226165 -0.9348821695 -0.0267832931 -0.7734666130
-0.1879879601 -1.0343773839 -0.5305126686 -1.3837425074
2.0222764328 0.3636789721 -0.8149553977 -0.5745900676
-0.6366687452 0.0439274693 1.1196873953 -0.8096971826
-1.3145098496 0.2849750197 0.1857141774 -1.4766982570
-0.4539787186 -2.1221096159 0.6667993707 0.8851492383
0.5582911768 -0.4354046250 0.3879537970 0.5992343442
0.8841059425 1.8374645778 2.0205740918 -0.3336891188
0.2847042667 -0.7752566151 0.8304312106 -0.1224356626
-1.4509195312 -0.9709514554 -0.0379528272 0.0587405835
0.4465446636 -1.0356912686 -1.0776592147 -0.4802785183
0.1934421501 -0.1547442888 0.0754405972 -0.7530186802
-1.2485066948 0.4696331769 1.4594044263 1.6503276351
-0.5266539034 1.4868542807 1.2729866974 1.1447495922
-2.2054842105 0.2166887508 -0.0742994613 2.2577288456
1.1038933386 -1.9850968150 -0.5248062446 -0.4145186419
0.0545790186 -0.1133314862 0.8912822391 -0.1744860419
1.1669551302 -1.3920795723 1.6188125865 0.3784774133
0.6777768538 0.5037365170 -0.0121785880 1.2294251588
0.4957177977 -0.7108464137 -0.0711294177 -0.7835232304
-0.9059940267 -0.7850160916 0.2310601874 -0.9338627001
0.7382077899 -0.5633158835 1.2310037449 1.1270525693
-0.8219308236 -0.4961313918 -0.9147119342 0.5887305891
-0.5663831761 0.6037319302 -1.3795562677 0.9388848347
-0.9813426564 -0.1525642944 2.4148930497 -1.0360608409
2.0742330424 -0.0421076928 1.7155812789 0.2677373572
0.0028723993 -0.4073849048 0.1307274525 -0.9952591441
0.0319718566 -0.4706575044 2.0843618925 -2.6263622671
0.5574848785 0.9331746463 -0.8623434372 -0.8238611177
-1.2272910197 -2.2430143099 1.3090358091 0.0200322010
-1.0466971646 1.0390322169 -0.1300452318 -0.5226413282
0.1715823232 0.5604793193 0.4807684292 -0.6351829309
0.1248112588 -0.0178637956 0.8691658073 1.2064175340
1.6073968770 -0.4828494109 -0.0985389476 0.4909028189
-1.2582732165 0.8668660678 0.2125545496 0.0366850706
0.2925042204 1.0942429578 -0.5641271159 0.0838404952
0.4348122581 -1.4753456175 -0.6216579848 -2.3404851485
1.7130002308 -1.2133179623 0.9462981343 0.3789580015
-0.4272397939 1.7578986947 -0.8622684891 -0.4310813720
0.1396544034 -1.7095014579 -0.6437361055 -0.7243495829
-0.1897450981 0.0040591418 0.3870516738 -1.5466076299
-1.7729365378 -1.4659671426 0.8356664075 -0.7895798176
1.5692384386 0.8517410498 0.8809189667 0.4196677892
1.8101086322 1.6974487677 -0.1391945514 0.8998977174
0.9182385208 -0.5715881204 -0.3950710025 -1.0520894758
-0.9887179723 -0.1732075911 -0.9724292275 -1.7454708700
-2.4988524219 -0.8304746747 -1.0946774360 0.6980294858
-1.1976118834 -1.2060154053 0.3420685812 0.3868312031
-1.6375090448 -1.1286606991 0.0320041754 -1.2661930951
1.2062815436 1.9293278779 0.2673095619 0.5703452282
0.8905683356 1.0219719445 1.0945619269 0.5415866621
-1.1412399288 -0.9600728358 1.7216649085 -1.2622664446
-1.8386742940 0.0731182146 1.3600041276 -0.8574364623
-0.3880456058 -0.4396295244 -0.9085874058 -1.7070309731
0.2136069073 -0.5253634567 -0.9702114557 0.0580476089
1.6562072173 0.3058425480 -1.4216996057 -1.0667272401
0.5229174501 -0.3278684600 0.4219415273 0.1464246772
0.3545765476 -1.1724867658 -0.3359680028 -0.9063077823
-1.0096928998 1.5082929401 0.4652088307 1.7407118280
0.5555245256 -0.4563261338 0.5093464002 1.0440765404
0.0125597508 -0.2654967689 1.1015398623 0.8973852400
0.1271341905 -0.1291184134 -0.3785261682 -0.7902518815
0.6105408912 -1.3510736954 1.2171749255 1.8109897943
-1.1805555336 1.6409255816 0.2773185119 0.8230995642
-1.0211021659 -0.4022926172 -0.5683758826 -1.5778229310
0.3581657501 -0.1651157048 0.1413559051 -0.6351904461
1.2093202996 -0.0672207604 -1.0837828112 1.4599654950
-0.2765686497 0.5303654868 0.7240055821 -0.7804272207
-0.1605785440 -0.3578542552 -0.0352230930 -1.1497225814
-0.0756513344 1.7982123506 -0.3635688422 -1.0714265179
-0.3999935442 -1.1514389452 -1.0368449328 1.9761782390
0.0712619988 1.7549736621 0.6434425553 0.9661395275
-0.4033616095 0.7754042943 0.9283837461 -0.8023053215
-0.7543529575 -1.2577491211 -0.4830870582 0.0921563748
1.1748534082 -1.0985619263 -1.6792663592 0.8957115599
-1.0497543654 0.3089583047 -0.2453966832 0.8912749041
0.5331151901 0.9672107527 -2.0214515050 -0.4455904333
-0.1499514690 0.6799146134 -3.0737320458 0.5471295938
-1.0845663151 2.4617645579 0.1171074077 3.0517812175
0.6149457160 0.2166684884 1.5990100025 0.5879154570
-0.0184305402 1.5224508170 0.2384228625 -0.3213188255
1.8011871605 -0.9675129696 -0.7770306206 0.6972174013
0.6054886697 -0.1861567026 -0.5218112578 0.4722489842
-0.7422519980 -0.6213570661 -0.5186967725 -1.2591506149
1.2258496046 -1.4325134080 -0.7652539388 0.8515976228
2.3391994111 0.9964837935 0.3904753305 -2.7157121859
0.4964436302 1.1579715098 0.6529476485 -0.4968893896
-0.0345609215 0.9170033882 1.1111986370 0.2630951452
0.6039736404 1.0583982650 1.8908326720 -0.6761943267
0.1590354317 0.0360883398 0.6618763581 0.5562188831
-0.8812760032 -0.2126174355 -0.2586201412 -0.3322482627
-1.4999293533 1.5364217017 0.9389185456 1.4684308398
-2.0436669462 0.2785181366 0.5404745022 1.5628939566
-0.4372221679 0.7847674836 0.2578499622 2.5140235406
1.0367080990 -2.4326045551 1.0934823594 -1.1881492643
0.1673459890 -0.4816475010 0.9689715866 -1.7228591191
-0.1972869834 0.1861372474 -0.7499053032 0.5508308322
-0.1079684462 0.9440870162 0.4029025701 -1.2243452563
1.4404959754 -1.1362150488 2.0005006118 0.4830090381
0.9554144535 0.1100637431 0.1115728250 -1.1612470065
0.4322355006 0.4253531442 2.0586216346 0.5471284688
0.8965266683 0.5010223374 -0.0183561853 0.0062709388
0.2411504665 -0.7337112137 -0.7682580319 1.1040404700
-0.5122135503 -1.6207658965 -0.4043310291 -1.9565531219
-1.3202363645 0.2916758008 1.1079789412 -0.2446983897
0.9645081184 -1.4484595840 0.7826272151 -0.1032437921
0.2119868768 -1.2271464548 0.8517913978 -0.7765036253
-0.2026497400 0.3460671881 -2.6119510719 1.6616241450
-1.4759851376 -0.1863936339 2.1935802374 -0.6316251295
0.5138910172 1.0365461583 0.6188249660 -1.1254116236
-0.8764521456 0.4049933379 -0.6094324670 -0.4539904781
0.1263047187 0.1228441207 -0.4776163188 -0.9372657147
-0.3060611238 -0.7068729524 -0.8228640999 0.4381073272
0.0815353906 -0.8150982724 0.8000398339 0.5302474587
-1.5329711914 0.0379978624 0.5271608931 -0.4632840315
1.4952382497 -0.8331244343 0.2286575699 -0.5397441293
-0.6991314237 0.2693546060 0.6457344091 -0.6606056057
1.1517198226 -0.1014381198 0.3376697927 -0.4726858840
-1.0098746132 3.3752209162 -2.5790668951 -0.4002678365
-1.6474390881 0.2782996237 0.1100808664 1.5554788669
0.8623464321 0.2959471242 -0.1061019756 -0.6146825453
0.6461187513 -0.5027468512 -1.5496684383 -0.9190314336
0.1111713666 1.4855264907 0.5482643433 -0.6135929007
-1.2948694514 0.7363173194 -0.4178287055 -0.4231894623
-0.3222916348 2.0514064806 0.1850274427 -2.0514351732
-1.1180977785 -0.4319317155 0.0357005801 -1.9835492464
-0.2216399153 0.3957161372 -0.0005534321 1.1964053549
0.5750697598 -0.7742393097 0.9838222998 1.0376195000
-0.3632690822 -0.8962185211 0.9869322072 -0.6482647554
0.6856367300 0.3247998987 -0.7311893233 -1.3799116664
1.5206681287 0.1933598641 -0.3618353310 -0.0102963381
-0.7277732564 0.1612419121 0.3391726328 0.2647980979
-1.1256210639 -2.5257806205 0.6451591805 1.5100447463
-0.5052859958 0.0299679493 -0.1278571462 -0.8337361446
-1.7770148730 -0.4426283834 -0.9157006076 0.8325120556
-1.5337935198 -3.3819434596 -1.2436232648 1.0018457130
-1.5943126710 0.8475580119 -1.0632699120 0.0745945899
0.2186245400 1.8206882908 -0.9962218415 1.7325345993
0.4446047661 0.0284412967 -0.0145247895 -0.0003221016
-2.3684601156 0.2205469480 0.5900784927 -0.8411381707
1.5699318107 0.3618585044 0.6028545926 -0.9219435872
-0.4436485626 -0.8612634766 -0.0864188949 -0.3106846593
-0.7903264322 0.3307571018 1.5407292132 -1.2243481613
-0.5084368719 0.8019951888 1.8834689056 -0.4297700852
1.7878377900 -0.2177451573 -0.1989643505 1.2080653197
-0.9962689648 1.2405680841 0.0462058756 0.8816245168
0.1659938680 -0.4624505690 -0.1774267008 -1.1433916895
0.7943596863 -1.5887259615 0.5298513113 -0.3848149620
-0.3977972315 -0.0647850278 0.4902155512 -0.4173855246
-0.3403820595 1.1493993488 0.6741507231 0.6303212953
1.4547389288 -0.3763339758 1.1317620157 0.4453282982
-0.8523223156 0.1652440814 0.5451599043 -0.1238644851
-0.4376665119 0.5275144448 0.8663130245 0.3627986361
-1.0827990908 0.0524716500 0.5610609953 0.7197931862
-0.1816403102 1.6915600213 -0.0381632728 0.8197581982
1.0513599322 -0.3091025588 -0.2260782650 1.4498971838
0.4824884800 1.4788793510 0.2638778723 0.0591836690
0.4205474997 -0.3305930670 -0.8548592576 -0.3193044476
0.0557048086 -0.2302415732 0.8625568239 -0.1056805198
1.3151452965 2.0759124576 1.0035966116 0.7708216010
1.5298469059 1.1656879917 -0.3513297483 -0.6021185277
0.2578018835 0.7330567826 -0.6051322620 -0.3874773964
-1.0873915643 0.6365769912 0.6876666266 0.3649885941
2.9150971971 1.1412318264 1.4666617343 0.7343903440
-0.3467369461 0.0014498544 0.4501393809 -1.2919660565
-0.5109193823 0.1021846041 -0.7444082612 0.8207120954
-0.6841773431 0.1810654796 0.8311089184 0.4710322140
0.5081427032 -0.8528145487 -0.2398473528 1.0957426452
0.4978793198 1.3560914485 -0.7179196925 2.3470877561
-0.1118599422 1.3283613847 -1.9035256076 0.6694260623
0.3522804802 0.9301668347 0.2344970430 -0.1444450690
0.3986064822 0.8512131221 -0.0595048211 1.9648109429
-1.0348780092 -0.2292480352 2.1576321878 -1.1325100942
0.2340999419 1.0636508873 0.8021152121 0.2219521793
0.4043740361 0.1717353945 0.6705367450 -1.8445069007
-0.5689679224 1.5461943031 -0.6647633213 1.7679164766
1.7262834583 1.2735994475 -0.1709424089 0.4550343550
1.4918797172 -0.5538103863 -2.5973382979 1.4669859220
-1.2832708168 0.4665795214 -2.0669730767 -0.3251885723
-0.7010468960 -0.4169923179 1.2004975950 -0.4012504731
1.4776172627 -0.4180604166 -0.6847911658 0.9486576361
-1.2183519481 -1.0724145185 1.8387342399 0.6234167677
-1.3500431273 1.4880289409 0.0854744726 -0.1759883555
-0.1587232603 -1.1939289054 -0.5622103491 -0.6125882378
-0.3227353886 0.3110757819 -0.4003154305 -0.1652034589
-0.9571323669 0.4510218396 0.2294422762 0.8355409274
-0.7092894057 -0.1358663332 -0.1575877189 -0.7795640736
0.4502166624 -0.3840050472 -1.2436211909 -0.4492596942
-0.5417459039 -0.2031279834 -0.0352915805 0.7453773125
0.1579275014 1.3999917966 -0.8981192003 0.3098684619
-0.3587226883 -2.2130553064 -0.6267814203 -0.3734461066
0.5904986199 0.5073270445 -2.1268096262 1.4135086495
-0.2332940751 0.4906951077 1.2283695447 -0.3672686588
-1.8596393069 -0.3135478137 0.3323129572 -0.2458228904
-1.8549475665 0.2740639924 0.8311452670 -0.1715445402
0.0213182395 -1.2385982249 0.1884879318 1.2307844142
-0.3129046931 0.5896683646 -0.0632512704 -1.8954657132
0.8833971521 2.7815475499 -0.6808006080 -0.2285971054
-1.2910946579 0.1213425316 -0.0702673106 -1.0928197952
0.2889547503 0.8127887026 0.3740494593 0.2734960739
0.6759667207 0.7678304039 -0.2114739420 1.3944167878
0.5970022966 -0.2060857331 -0.0914994646 -2.2882985077
1.3656403604 1.0242016696 0.3880870112 -1.0470849857
-0.9141140490 -0.0879892868 -0.1706413522 -0.5797841476
0.0655026654 0.0516136543 0.3711025117 -0.3549117471
-1.3626669646 0.1745193086 0.0036933049 -0.6987427641
-0.3382260349 -0.7340042777 -0.7460544838 0.6925755644
-0.5198877932 -1.2841053748 0.3304755941 1.4322218234
-0.0816688926 -0.8390785523 0.7767279624 0.1387088704
1.2149232272 -0.0230186638 1.1099042470 0.1187083561
-0.1576199387 -0.0598435884 -1.5635137178 -0.0701796038
-1.4524610162 1.1431703039 -0.5404640025 -0.8797599916
0.9789294594 0.3505767845 -1.5721049328 0.1222224718
-0.5555035150 -0.3906651080 0.6251681783 -0.4580367716
0.2334856305 -2.5083457691 -1.4460189974 -0.7293112815
-0.8113567510 0.9122904099 -1.0794824772 -0.4914198619
-1.1208753459 -0.1602486624 1.0734278319 1.3811876851
-0.0790239197 0.2528705579 1.1898580144 0.3005620354
0.1193785673 1.3109073874 -0.1150879605 -0.8539943637
-0.4298500526 -0.3035084856 -1.2391169424 -1.1775403579
0.7592959499 1.0174243334 -1.0761759465 0.5272672262
0.4578244688 -0.6102786161 -1.1378190449 0.8314212341
1.0111754648 1.4658230046 -1.0803637574 1.5165111868
-1.5450422903 0.4758044746 1.5615235409 -0.1628297932
1.1578619267 -1.4807276287 -3.0093993141 -0.1041395495
-0.2531098563 -1.3335470689 -0.1517215078 -0.4574821633
-0.2591174005 -1.7931535512 -0.7637612996 1.1289673489
-0.8428542996 -0.7158498082 2.5523975316 -0.3189675455
-0.6332462755 0.2451517068 -0.1307916211 -0.6419879722
1.0528781368 2.0730592115 -0.2294505981 -0.5706154554
-1.5244644240 1.5748440158 -0.0425818023 -0.6126488584
1.0697600302 0.6996292780 -0.0722985932 1.0283788694
0.1528041331 1.3025404331 0.6585101002 -0.1852243422
-1.2361220096 0.0989293453 -0.5531228064 1.5969269320
-1.0392800658 -1.6961875419 -0.2032220721 0.4112303990
-0.0540529780 0.7025890196 1.7559255131 -1.1031341500
1.3731845143 0.6314545895 -0.2831361399 1.6568645695
2.0985228417 -0.1965212858 -1.1383926943 -0.8650784264
-1.1180560511 1.0512642708 1.0847420448 0.3713235868
0.2225861601 -0.1890956720 0.7761654217 -1.5049506566
0.3216545827 -0.4813193067 0.6483998989 0.0768862841
-1.2401828439 0.0276155537 -1.4278099466 1.3363764156
-0.1452399154 -0.2273748786 -0.7310698877 1.3326242791
0.4235485354 -0.2213382791 1.0131238815 -1.4785974411
-0.8419878583 0.6653869371 -0.0960406145 0.1746335910
1.4185894439 1.2205247748 -0.6321260997 0.6767188517
-0.6259815119 -1.9247689630 0.8545765199 -0.4452882808
0.1255112446 -1.2152780042 0.6365945301 -0.8044670239
0.7814670502 0.1808379893 -0.0681381110 0.0674376014
0.6839681041 0.6211784031 -0.0667415435 0.7281334836
1.6319476907 0.4499976209 -1.8122723384 0.8246098886
-0.7804614781 0.6077417415 -0.7475319310 0.4894085721
-0.1931452817 0.4963880983 1.1418639257 -0.1628135167
0.5319074301 -0.6944616480 0.4175222071 0.3792512076
-0.0803989948 0.2094415696 -0.1616935067 1.4121395443
-1.1133853795 0.6754004095 -0.9715783634 -0.2981228327
-1.0851690648 0.6428652928 0.1779771918 1.1741726547
0.6966326812 0.6398798715 -0.3028295457 -0.1806936750
-0.4407681189 -0.3429338757 -0.7562171524 2.0092013953
-0.5163786795 1.1591211844 1.6387244639 0.3611927520
-0.3202241672 -0.0088447086 0.7611241867 1.0028178822
0.8988910063 0.8115753258 -2.1350830320 0.7259184947
0.2044691338 1.4259121983 0.9053570081 1.4225432073
-0.7093241686 -0.8790102892 -1.3371818784 1.0584914466
1.4789000524 -0.1697650333 1.5410547784 2.0722926385
0.1397233742 1.7397742661 1.0220875710 -1.3468018131
-0.5389565712 -0.0982214015 0.4564115903 0.8910468319
0.6140386964 0.8906949510 -0.6211052597 -0.7895258056
-0.0797470992 -0.0893302789 0.3943830494 -0.0972276987
-1.1212062350 0.3012734758 -0.1405624803 1.0304175494
-0.7017499088 -0.4142434725 -1.5443948363 0.2008011072
-1.0836939240 0.4718474278 -0.6825232021 -0.0757655503
0.7518137292 0.3004419420 -1.4764778888 -0.4155222085
-0.5440238486 -0.2141010302 0.1309621763 -0.0838560450
-0.8602948951 -1.0235309406 0.5282169103 -0.1668631524
0.1744041456 -0.3144709092 -0.3514025490 -1.0789750975
-0.5570382111 -1.4892588998 -0.4968252028 -0.9450150433
0.5397832984 0.6593314755 -0.0905789627 0.2895053384
-1.1649568379 -0.1331678326 0.7236645317 -1.7571618887
-0.0344971489 1.7608687018 0.3491939527 0.1410513114
1.4503834874 -1.0825489177 0.2874794769 -0.5356887317
1.0720439576 0.4987330042 -0.2113273861 -1.3089718121
-1.3081098539 0.7388159870 0.1279949592 0.4134824118
-0.3430828250 -1.4544810913 0.4778282927 1.0682282276
-0.3621205389 -0.4027561192 -0.3818130115 0.9221898013
-2.0189865074 1.4497598818 -0.7441701900 -0.4564995610
-0.1216906096 -0.1447766375 0.0447890318 -0.5135896366
-0.0326987690 -0.0178766173 0.7896167175 -0.0421929984
-1.8070445078 1.9733561258 -1.2340771262 0.3770585169
0.8562206010 1.5734469194 -0.3179127894 -0.4290306900
0.9456594861 0.8383681557 -0.2057313813 1.5076599262
-1.6133253259 0.6519524534 0.8037614428 -0.7726227332
-1.7958716634 -1.1688397674 -0.1653783540 1.8158068006
-0.8283095200 -0.0221229820 0.0305608421 0.0931656197
0.7607254214 -0.3209335685 1.2718849351 -0.8781114594
0.1792082617 0.2994875843 1.3198776142 -1.9343165283
1.2071923746 0.1372789762 0.9355913755 0.7503854791
0.4459168029 -0.3035516111 -1.0152462448 -0.6100045077
-1.7928007096 -0.1345854672 1.1955075716 0.2935491446
-1.5368307201 -1.1932636633 -1.9851631562 0.1055366509
0.7842957500 -0.0811041252 -0.1553746412 1.0041581504
1.8244985818 0.7276420690 0.3608907596 1.1355293110
-1.0056109581 -0.7762270470 -0.4156280941 -0.1420966203
0.4553883566 1.6660647385 -0.1628481771 -0.6628556906
-0.6328502783 -0.3317576683 -0.7836738209 -0.0818490127
-1.0538812309 0.3628508492 1.0873042007 0.3588888036
0.0387902280 -1.1792076905 0.1746420666 -1.9028665163
-0.5176561883 2.6783102092 0.4715504647 -0.7192211688
1.6740211176 1.8710168564 0.6716726132 0.4782545243
-0.7194837349 0.8065286616 0.9780888555 0.0598568524
-0.7203118900 0.3650235322 1.0362484238 -0.6744793571
-1.2332443934 1.2302952719 0.9500944515 1.0983547278
2.2682292037 1.0822193917 -0.2224943264 0.4763890113
0.4643665108 -1.4138143191 0.2493899731 -0.6853678853
-0.0043293501 2.6321449078 -0.6351062452 -0.8927107003
-1.3352839312 -0.5010458845 -0.5286483172 -1.2363554686
0.2427022502 1.2910331868 -0.7158347687 1.6312767626
0.7171684673 1.5217471041 -0.0165010417 -0.7348322398
0.7174911482 -0.6130747283 -0.2303994495 0.4994416065
-0.2463019428 0.0960261311 -0.8219692463 0.8657518279
-1.3473293918 -0.0805554739 0.4376692565 1.3779787274
-0.2105946900 -0.9675907124 0.7405206328 -0.3686949832
1.2939150336 -0.5478578923 0.9165942608 -1.7406804682
2.5921416664 -0.1313701530 -0.3224028489 0.1071361095
1.3006615474 1.3290218486 0.2903209492 -1.8180366992
0.5304654676 0.3882879976 0.0489531205 -0.3868136939
-0.2937702856 -0.5021141734 -1.1098839556 -0.7945518830
-0.0769145295 -1.5326690278 0.6119305922 0.5783569061
0.5702813586 -0.4700298449 1.8756343696 1.0400928150
-0.2669755628 -0.4739713086 2.5146660076 -0.6998012671
-1.9565465879 -0.2287407396 -0.7119892326 -0.4095697214
-0.3429533231 -1.1873856237 -0.5475396505 -0.8504163429
1.1611726830 0.4905626149 0.9851483053 0.8217215934
-0.0837814844 0.4750319372 -0.2300664494 0.3015393182
-1.5592486082 -1.9021569883 0.1507116418 -0.9385148139
-0.6496524443 0.1768390294 -0.8266009373 -0.1212730283
2.3119818933 -0.3185908365 -0.7494428414 1.2226491142
-0.0216618728 0.1442469287 2.0398192703 2.0495256306
0.0620449463 -0.3605392314 -0.4407183446 -0.6448239992
-0.5376326243 0.5600401971 0.7160116942 0.8896699290
0.4486335168 1.2204155715 1.6577801329 1.4118118647
-0.1661392480 0.9747454187 -1.0449347943 -0.1584666413
0.3288366741 -0.9999193870 1.6878904147 -0.1696677569
0.6684747003 0.1568948324 -2.0862538238 1.1963032075
-0.2794060450 0.4036835723 1.6110822340 1.3249845318
-0.0724628459 0.0708038756 1.3620853484 -0.0455365023
0.2977139004 -1.8422846768 0.6131767429 -0.0986453159
-0.2331252626 -0.6846282012 0.4164804739 -2.1975168219
-1.8442962458 -1.0906584568 -0.3094350354 0.7474664206
0.5164566035 0.0983460982 -0.0214396302 0.5190941985
-0.8670177743 -1.3054721548 0.1840863997 -0.4203028687
0.5388605665 0.9775198722 -0.0564138542 0.9219436848
1.1054298302 -1.5347023967 -0.1133131149 0.0798180107
-0.9404937260 -0.2925862623 1.3583220855 0.0454169008
-0.1061121401 0.4479872335 0.2992831471 1.3470221442
-0.9420123819 0.4439404884 -1.7137928088 1.0004188253
-0.5464722755 -1.1384844346 0.4176218590 1.4468274063
-0.1065010257 -0.3882017630 -0.8939622628 -0.8626179848
1.8890659440 -0.2833443948 0.6914205781 -0.0833328325
-1.1711139035 1.2595006417 0.0808915056 -0.2551285865
1.2453299993 1.6732494124 -0.7389353788 1.0574887858
0.1796537642 0.3181169007 0.8728944325 0.1788352156
1.4530377000 -1.1299107697 -0.6018595419 -1.8046645862
0.4788832006 -0.1471164260 0.6886664797 0.1526542679
-1.0596223340 -2.1633553561 0.9029577645 -0.1709611428
-0.2740050945 0.8345780094 -0.6904309040 -0.8076483267
0.7153479476 -1.4765110956 0.3647624835 0.5936720483
0.8644878699 0.7239678285 -0.8661286178 -0.5717849017
-0.3081473143 -0.9035115896 -0.0616092266 1.1040387262
-0.9417204588 -0.0184315791 -0.1027640795 -0.0035963815
-0.0505017097 1.6548044864 0.9762442008 -0.5200716584
-1.0582168797 -0.5320823242 0.0662213360 -0.7368338004
-0.9230241394 -0.3095314701 0.7314371325 0.6499937514
0.6258696552 1.1754552589 -0.1232724043 0.3301864752
0.2565933194 0.4980569744 -1.3301405494 0.0014831436
0.1279525100 0.4202767258 -0.6785426308 -0.7647344115
-0.4186833766 0.4079996878 -0.3336778183 0.3326849484
-0.3677021748 1.5871742754 0.7313110686 0.6169868180
0.6232272030 1.4712274739 -1.8980047116 -1.1717290866
-0.2347720172 -1.7598709644 0.5558112418 -0.4419002508
-0.5536165653 0.0469653290 0.8024742176 1.8771058943
-0.3364737690 -0.1866137117 1.2001508623 -0.3505225227
-0.7558736131 0.4073185810 -0.7066300913 -0.1165237325
-0.2021556010 0.2221307547 1.1950151770 1.5495847670
0.1849029600 -0.4547688227 0.0119277582 -0.0769306301
0.3677987031 1.7045980083 0.4639807659 0.5956700582
-1.5048020566 -1.6016679445 0.2789757436 -0.5766603265
-0.6682799669 0.6061759786 -0.0091739657 -0.3861715862
-0.0015153018 0.0779486164 0.5740162211 1.1811979550
-0.9084474611 -0.0685141847 2.0370553058 0.6588178686
-0.0572098412 -0.1292342656 0.2535447038 -0.6090726387
-0.7698408317 -1.0144275198 -0.1281467766 0.4439727496
0.9716232839 -1.5276817590 0.6148468546 -0.7274766473
0.5631993450 -0.5848408802 1.1587870850 0.0878557173
-0.7548747371 0.4751469009 0.6169419268 -1.7329949948
0.2852973625 -0.5271029465 1.5291411176 0.3087036942
-0.6825330189 -0.7203686467 -0.0054070883 -0.2589134953
0.5529764858 0.0539946820 -0.9854818766 -0.8861802341
0.0773332787 -1.0083273002 -0.4569277483 0.2329781452
-0.3367694379 0.8728379349 1.3142199144 -0.8391293822
0.9559134616 0.1191899386 0.2214847538 -0.2079435949
-0.2494382884 -1.2302563675 0.0109462439 0.1478722065
1.1955004848 -0.3996892225 -0.8517407977 -1.0732646092
0.1296816930 -1.3205221487 -0.1197581687 0.8846696494
1.3114938679 1.3892509519 0.2986894037 0.6472788026
-0.5415393077 0.6409622361 -0.7278936490 0.9834083584
0.4190886911 0.8109734130 -1.5205129847 -1.1485376533
1.0464764225 -0.9950379818 0.1533938930 0.9372119732
-1.0242593901 -1.5587868880 -1.4158470376 0.3303993545
-0.5263098602 -0.4826562200 -2.5096177314 -0.1279919290
-0.4119853791 -0.3529717052 -0.1954540032 1.1323776679
1.0112844187 -1.2111859336 -0.7113046854 -0.2869138647
0.4452288930 0.1032523856 0.6878192300 -1.3521416294
1.1135415695 -1.2285723562 -0.2380714272 0.5794737897
0.0156539407 -0.4153463069 0.2738101962 0.2857396471
0.0391912157 -1.5910949477 0.9914789101 1.0464979095
-0.1103756754 1.8936699496 -1.2136286334 -0.5258055046
-1.4682926032 0.9406869654 -0.3282756049 -0.7360597932
0.1327304385 -1.7412143593 0.0076699599 0.4472523470
1.0468540785 -1.6848322301 -1.0540199019 2.0995011006
-1.1345833967 -2.3795476410 2.3803273247 0.2605991979
-0.3145603248 0.1877488651 0.9848715613 0.2970413279
-0.4584040385 0.7600319692 -1.1096865884 -0.4149118415
-0.6785419921 -0.3863018162 0.2394017496 -0.6329914857
0.6357901747 0.2729632471 0.2519126461 -0.7207850988
-0.8723073958 -0.2874234674 1.8126853006 1.5937785343
1.1958913438 -0.2415469523 1.0168801787 0.0505402339
-0.0518721607 0.2473476038 -0.2705967392 0.5307461555
0.3367524568 0.3124768329 -0.5791016285 2.0274719105
0.1417344162 0.1880779354 -0.3599254203 0.9065240033
-0.0711613861 0.4886627411 -0.4200289088 -0.6347221585
1.8380721724 -1.6783812768 0.3099587069 -1.3528535506
0.9976158199 -2.5488524719 -0.0355078243 -0.3618653276
-1.4855397773 0.5260117110 -0.6184127987 -0.3486524044
1.8563421372 -0.5934473226 -1.7493623818 0.0877853728
0.6364635256 -0.2221742389 -1.6795510494 1.0608223510
-0.1997696355 0.6572996935 -0.5042894662 0.2396028549
-0.8963306491 -1.8600915804 0.8141792297 0.2848960879
1.4715852001 0.7768053077 -0.0869688153 -0.5020686513
0.4088956384 0.5493435606 -1.6872196320 -0.6550211697
0.7681318824 0.0812937701 0.7535262756 -0.5993337029
-1.4682499310 -1.5112854727 0.1248695806 -1.2180720765
-0.2299281927 0.6175417120 -1.1778665969 0.7933491900
-0.9463465562 -1.6346429724 0.8332846459 -0.4681140126
-0.5518411577 1.6221353480 0.2866816237 -1.2861662097
-1.1596468240 0.1138707295 -0.1876295805 0.2911722441
1.6631305594 0.9408160651 1.1167630883 0.0374832122
-0.4310179309 -0.3777252730 -0.8366316510 2.1098059473
0.2911221344 0.3794781277 -0.1982433935 0.4057076017
0.4120888184 -3.0439864014 -0.7246209672 1.0327797136
0.2018771011 -0.0958266264 0.2867006684 0.2982058061
-0.2913113608 0.6118530590 -1.0827837015 0.1859433649
0.9349575173 -1.2785520476 1.3913434060 0.3905210027
-0.4642868902 0.8023946032 0.9710137986 -2.3587707294
-0.4012905094 0.4352298543 0.3792960231 -1.2119187026
-1.3656485904 -0.8416826768 -1.5116294549 -0.1787819188
-0.1972509136 0.3272095410 0.2755037776 -1.6467824382
1.2219505556 -0.6262939719 1.3691995913 0.0551077663
-0.2835612576 -0.6492492660 -0.8183708557 0.2844823127
-1.5068453517 0.1169018917 -2.3992455910 0.5159535053
-1.4840767439 -0.6639494217 0.5161976241 -0.2066514291
-0.5188692143 -0.6137746140 1.7127994273 -1.3978771326
1.5392371168 0.2282656893 -0.2280280491 -0.2541775839
2.1293645785 0.6504668332 0.7395344530 -0.7418580147
-2.0587422767 2.6425104914 2.0772737994 -0.7011012480
0.4335465639 -2.3030001640 1.0990295918 -0.4885221538
0.8285324233 0.7793278456 -0.7584290017 -0.0209721666
-0.1621857746 -0.7539220734 0.1936878963 0.4538081633
-0.4410519269 0.7723821979 -0.6837520814 1.4400734745
0.0281418562 0.5514040394 0.6839420828 1.3131785620
1.2531186955 -0.0264308430 2.1309370946 1.0319661872
0.4228618490 -0.8591917169 -1.8356318935 -2.1683341050
-1.9293219426 -2.0954364433 0.7296429163 -0.4051702850
0.3635085128 -0.8372302095 0.0444648099 1.4881002638
1.1218602515 1.4400933697 0.3261525663 1.1163514392
0.0982893700 0.2787055887 -0.3303065097 -2.1146888084
1.2342383911 -0.8708145377 0.5197232699 -0.9069047934
1.2721663636 -1.5509952911 -0.3449537180 -0.2155419314
0.4184423927 -0.2885257131 1.5196672671 0.8345686646
-1.0137639943 0.0905013721 -0.2491444041 -1.6665058287
0.7164020499 0.7110385552 -0.2845894637 -0.5683087106
-0.0810374809 -1.3813666304 -0.9372145126 -0.4138151278
0.7959119261 1.4321473867 1.3301855778 0.9666969585
0.6693404032 -0.2429537594 -0.0570363927 -0.0949195005
-0.4207389364 1.2875799881 0.7497854276 1.1844670116
-1.1318925010 0.6292340779 1.6973490346 -1.4046696948
1.4757007964 0.2218395447 -0.5488729548 0.8397237970
1.2549082814 0.0204937580 -0.8020200029 0.3280348649
-2.1935047299 0.3188577179 1.0245778590 1.4975688611
-1.1299849453 -0.8788991878 -0.1590015406 1.3615350555
0.4273104449 0.1092419586 0.2554026659 0.1394772119
-1.1886478293 0.9228603581 -0.8278731754 0.9023815420
-0.1775742200 -0.5096162008 -1.7442120304 -2.1329277783
1.3154884359 0.1654208943 -0.0412324776 0.4573015465
0.9183565150 0.2507596452 0.0293438990 1.0393908520
0.5428067564 -0.7090719352 0.2785358719 -0.5598697164
1.2345224012 0.9292175128 -0.0356772757 1.7087850071
-0.0005700768 0.7207533402 1.4524866637 0.3461308702
0.0049862679 1.3541815592 -0.4371680606 1.3634949125
-2.1742343269 -0.5435982594 0.2968975147 -0.2453809819
-1.2636600346 -0.7396851035 0.8197252174 0.3169398196
0.6828028911 0.6945961375 0.0782060561 -0.8457891160
0.7262870231 -1.0772679093 0.8675312941 0.0123557914
-0.1272773972 0.6032309176 1.4924008869 0.5381583780
-0.4796335457 -1.2590356896 1.6396167964 -1.4338236763
-0.6610109104 -1.2562561469 0.0016143272 0.2287076579
-0.8868149929 0.3835976662 -0.7717770124 -0.7720755377
-0.3201509185 -0.1765475089 1.2433361038 0.4320181034
-0.3647682732 -0.3749837863 -1.8048296413 0.0547431075
-0.1769953665 0.8588313692 0.0512264433 -1.5495375843
-0.4990928189 1.7417129394 1.2707831675 -0.6378155099
-0.3719097996 -0.1976453565 -1.0699545749 -0.7555373014
1.6662696856 -1.6161169924 1.5640466949 1.6788133971
-0.0537847688 -1.0433595780 0.6395533533 -1.5631583566
0.8530858474 -0.3229719874 -1.1232337712 -1.3516965008
1.3997491954 -0.8834861116 -1.4269905021 1.0763539557
1.9217719526 0.6503155547 0.7553336010 -0.4382644579
2.0141027757 -0.2678373201 1.7086036105 -0.8108145418
2.4442403047 0.9292115473 -1.1578256658 0.5398235729
-1.2793452420 0.9528996279 0.5251217532 -1.3014158120
-0.4723852045 1.2003838607 0.8018396386 0.1599199521
0.8661474738 -0.1813521822 -0.6836899338 -0.6284843497
1.8971639008 1.5386491264 0.9684477177 -0.3757863069
-2.1546052683 0.2416934705 -0.1180002735 -2.5559736146
1.5219640182 -0.0616734741 0.3495234526 1.3360721456
-0.9318875912 0.4127015581 0.8309868475 -0.0299915927
-0.6621432755 -0.3326274262 -0.5327710831 -0.5800741356
-0.1885832898 0.3267659048 0.8680954121 0.4130798183
1.0813899907 0.2601208063 1.4314757686 -0.3525680357
-0.1014057556 -0.2746255065 -0.3144940067 0.0812820724
1.2885136324 -1.7088120775 0.2960787524 0.0058840333
-1.3625312569 0.5301597019 1.9621654714 -0.3879003934
-0.4315841835 -0.2868939510 0.9310429294 0.0023223771
0.1737030836 -0.3889748877 0.0754991844 -1.5315081920
0.5332443950 0.0672328172 0.0575955119 -0.5032823195
-0.4813979536 -1.1730342568 -0.6228760673 0.3551942177
-0.2035161975 2.7881989857 -1.7721429284 -1.0822123937
0.6870945083 -1.2701024525 -0.8787634960 -0.9984669130
-0.3482970808 0.0247075174 -0.4657932471 -0.8591542160
-0.6212399044 0.5472144098 -2.3470432219 -0.8730724908
0.2727704101 -0.6557012986 2.0617227281 0.2583647499
-0.1012713145 -0.5465936850 1.7656802444 -0.3685157322
-0.0737822971 0.4636672592 -0.6353905324 -0.0866586543
-0.3713073600 0.6912795262 2.0215990294 -0.4344752331
-1.0486532334 -0.8354118909 -0.5371282220 -1.2262214019
0.5211668090 1.4948231490 -0.2403687162 0.3903108076
0.7962722842 -1.2089636529 0.3206662096 -0.8784351197
-1.7048732558 0.5077962842 0.1178578325 0.6735741634
-1.6578492345 0.9713541792 0.7128423775 -0.0907419159
-2.2462862510 -0.3300899839 1.0058735097 -0.0278002067
0.4797204456 -0.2946579607 0.8365903868 -0.7778726025
-0.3906454216 0.3494336940 0.3212172778 0.6511238432
0.3557030620 0.8873654268 0.5660512262 1.0380348579
-0.5319444192 0.2450371597 1.9335143689 -1.1631542249
0.0720767480 -1.0590071770 -0.3828501347 0.8115768588
-0.1046288962 0.0322075377 -1.1485945049 -0.4860006391
2.6125129093 0.7143436468 0.6029470256 -1.5481815031
-0.2139775795 -1.1333009863 0.2515825211 -0.6418233609
-0.9403019922 0.1179690489 -0.4661703592 -0.4002134760
-0.4794838246 -0.2729533659 -1.8444729734 0.7578506505
1.5855246464 -0.3559845935 -0.7017721423 0.2475901368
0.9054656760 0.9062428848 1.0558167248 -1.4796989079
-0.4184791194 -0.7614896936 -0.2534593645 0.3503475997
-2.3022614045 -1.4308314876 2.0701840535 -1.4984751713
-0.6649727797 -0.6895665416 1.1117503937 1.7435733236
1.8586367381 -0.4836646700 0.7469089750 -0.5647320574
-0.2874759951 -1.2271555226 -1.0205744634 -0.3315228044
-0.5875005236 0.7817705234 2.9394208412 -2.1187821706
-0.2234745680 -1.2253202533 0.9397999625 0.1048468601
-0.0136291681 -1.2112497270 -0.4554962047 1.1643314716
1.4979271437 0.2229130574 -1.3756305973 0.9904834925
-0.4116838741 -1.2626822262 0.5915817934 -1.7916926614
1.0029270403 1.1558264550 1.2312856289 0.5401721862
0.3815809659 0.0377074443 1.4089257416 -0.2931916973
1.4409565539 1.1979931904 -0.2039251437 1.5866311827
0.3827601941 -0.4790862553 -1.5702122353 0.6472131292
-0.7663148129 0.2535393722 0.4994131875 -0.7744010128
-1.2317363963 -0.3659414405 0.2158625460 -1.9918351847
1.0814315324 -0.5728864201 2.1494101847 -0.1469060091
0.4868213051 0.1593998436 2.1065319923 1.7288974811
0.9226948736 -1.1554196031 -0.2242194160 1.8481901018
0.7858354955 -1.2691902468 -0.2424261554 1.2384853593
2.1878539247 0.4285365166 1.4077896281 0.6155761728
0.3310416778 -1.5045366761 -0.5530402705 0.2685567926
1.0534834270 0.2636194408 0.1074363593 -2.2440485647
-0.9289832304 -0.7962376232 1.1681383926 -0.9725561978
-1.0247454630 0.5446490845 -1.1499972434 -0.7970415704
-0.0048802673 0.4320329311 -0.4037217774 -0.4170156663
0.6513317848 1.4288251928 -0.7405281095 0.5912658647
-0.1115155254 -0.3925750471 -0.0319870250 0.7943394091
-0.7780223656 1.3466256078 -2.2252655392 -1.4457439165
0.9073242220 -0.1166825547 -0.2198630933 0.9024720941
1.7122015333 -0.2512347484 1.6566578090 0.5601213590
0.4047132674 1.6780382414 0.1397456938 -0.5073762946
-0.0145599724 0.9774605959 0.6521103492 -1.8380287561
-0.2605860206 -0.2215188481 0.0507609998 -1.9543890401
0.8405888956 1.0490329875 0.4041857506 -0.1095794587
0.6332788150 0.4710230484 0.5171976718 0.4362565249
-1.5760996025 -2.0193689036 1.4790861912 1.8198377545
0.1875491998 1.7004360168 1.1624428216 -0.1732991580
-3.1826364472 -1.4465874911 -0.6911172512 0.9870662076
-1.4789516829 -0.8870963285 0.1422104826 -0.3034907448
-0.3568688870 0.0322122113 1.2642121843 1.1575267462
0.4425061026 -0.5795014830 -1.0516656903 0.6481063120
2.0457066695 -0.2581070216 -1.6850682927 1.0214042524
-1.2601481156 -0.3952400873 -1.3806177751 -0.5789619672
1.5022809322 -0.1853650948 0.8950786030 0.3616209113
1.1342102411 1.0179942268 0.9094972743 0.1431004143
-0.9262738995 0.3911885964 -0.3213450337 -0.6945221018
0.3416447434 -1.8431022745 -0.4201375921 -0.7692606920
-1.5195667850 -0.6896941383 1.2717334718 -0.9540234697
0.7126550966 -1.5281486263 0.2257392290 0.4579108096
0.4018191812 -0.8673571810 -0.1672290916 1.6156074355
0.3561399005 -1.1167190153 -0.5069390751 -0.1753127631
-1.4288541166 -1.5463070751 -0.4671244668 -0.7943203800
1.5113698082 0.4742907847 0.2106243767 2.2223022073
-0.8978157242 -0.5347519038 -1.9819009617 0.2029298494
0.1435660209 0.5118165637 0.6721486436 0.0316974179
0.1459733087 -0.1605438537 0.6493354063 -1.2009253369
-1.0395581611 1.0788578674 2.4494174648 -1.6846263022
-0.3743365924 0.3702635490 0.4472062052 1.9948880246
-0.5479791243 1.2834629963 0.0470812053 0.3967352952
2.2524167035 1.5467339380 -0.1181083590 0.9995223929
-1.3206549451 -0.7343099507 0.7043151104 -1.7997927362
-0.5497762412 0.1439931242 0.2943089899 -0.3651734019
-0.0607655110 -0.5000468369 1.3074222827 0.3245592888
0.6512751163 -0.3399787546 0.2193112223 0.7549587924
-0.3233540140 0.1756053062 -0.7469663839 -2.5591586740
-0.4706330816 -0.0672184734 1.1215386821 0.9515600985
1.0215528656 0.2409609808 -0.1254562777 1.0816149288
0.6474555961 1.7029660166 1.1488673285 -0.7688626947
-0.9057816000 1.0650942959 -0.4567947376 -1.2243228414
0.2152951355 2.6223647858 1.6225529761 -0.1934549823
0.4607586848 -2.3747324425 0.2594339008 -0.0280117428
-0.1352572359 0.7625380461 1.8486178839 -1.2862262110
-2.1905342184 -0.2595700393 0.0579018116 -2.1847554333
0.0980944276 -0.9483866404 0.1888870521 2.3528582488
-2.1721270713 -1.0190331270 -1.1141657421 0.2418039405
-0.5186244734 0.5843192857 0.2402215008 -1.0765536039
-2.0769744209 -0.5158106525 0.1765465176 1.4590998645
-1.5965688867 1.0457951416 -0.9768821606 -0.5246759718
1.6714808829 0.5602695480 -1.4871236724 -0.9883900957
-1.4124850816 -1.6388309664 0.5139045245 -1.0252352469
-0.4815516866 2.8050859115 1.3527415249 0.0005319163
-0.0829686410 0.4862932209 -1.0484533046 0.4090584667
-0.2504158536 1.0032401485 -1.1285709173 0.0220993170
1.7024467006 2.7464452948 -0.2440382576 -1.0126326893
-0.3693693188 0.9997262355 -1.7052203745 0.9005265088
0.5170939797 -0.2701023790 -1.5479865443 -0.4953340178
0.1304369046 -0.5247322680 -1.7484063787 -0.9435312278
-1.5062047832 0.9805975236 -1.1496714534 0.6855706122
-1.0626020969 1.4266549459 0.5533358636 0.6170423718
-0.5101117633 2.1323019363 1.1479698190 0.2970835680
1.8549477746 0.8451612500 -0.2113945329 0.3271329553
-1.3605799549 -0.7022617008 1.5593320200 -0.4816041611
-0.0892142547 -0.2414179847 0.3864830402 0.0111583562
-1.3074630033 -1.5574510408 1.2122996109 1.2213638062
0.7082971617 0.6336290321 0.0098519083 -0.4903835880
0.7539787910 0.8434712895 -0.5147164446 0.6903481477
-1.2488589127 1.0815237742 1.8856500842 -1.1759776901
0.0517785769 0.4188424186 0.2304332952 1.1502742429
-1.2331907004 -0.1022663462 -1.1111022499 0.1584744628
1.7330827213 1.2596745560 -0.2449388638 -0.9583228658
-1.3433665228 -0.3337503631 -1.5730017828 0.5372424466
0.1793519118 -0.8449474176 0.2710435612 1.4746101088
0.5799511041 -0.2651929708 -0.0070945728 1.1978263952
0.4873298126 0.1518025774 0.7085407423 0.4036357929
-0.9909841741 -0.3801408325 -2.6523711454 0.4126568298
0.0135381636 1.5185988585 -0.3964104312 -2.1201366106
1.2085016816 0.4480649056 -0.4852951075 0.3288277702
0.8533990726 1.8314728887 -0.8971123164 1.3466235695
0.8566587877 0.4860017333 0.1888178468 -0.8764225214
-1.1262690832 0.8111505941 0.3036210526 1.3823511592
0.0810773819 1.2801680171 -0.0222221189 -0.9070252305
0.1150266787 -0.0470895546 -0.2277505633 -0.3990062383
1.1257414830 1.3202889765 -0.4940719024 -0.2781324600
-0.8239554729 0.9777204616 0.0293718614 1.0714918239
-0.4616924701 0.8960389665 -0.7923691138 -0.0222795129
-0.7537675496 -0.1302919346 -0.7243841287 -0.4235778504
-0.1614608450 -0.6001661303 1.2188750795 1.1232599770
0.7222548682 -0.9206996964 -1.4428074355 -0.1847219103
-0.3688238861 -1.1008736822 -0.6367811474 -0.2532165886
0.3996522182 1.1511615394 -0.1667739318 -0.7002888517
-0.4758455536 -0.4708715372 -0.5630019436 -0.4813748142
1.4296770534 1.3076789559 -1.5299962106 -0.5800941129
-1.1439259102 -0.9828881794 -2.1382085215 1.6285697721
-0.1223323509 -1.4531789543 -1.1536705036 1.9154504212
-0.0493461966 1.9850031196 0.0700291507 -0.1378073839
-0.7912070102 1.5551086186 -0.1359354590 -0.4513599123
1.6578165919 -1.0338978626 0.5743583740 0.3391262362
0.1965920649 0.8136394355 -1.1942585790 -0.8032577827
-0.0355437004 0.6668021538 0.3937827242 -1.2659771147
0.2253170362 -1.2429977384 -0.2494559767 1.5572178006
0.7017280237 -0.5650516970 -1.7569039328 0.2496657903
1.6424776782 -1.5770409034 0.0560434729 1.9185339478
0.1300613641 -0.2443181973 -0.7801451074 -0.4369264101
0.0453401079 1.5038800993 -0.1226243867 -0.5750940417
-1.3848548385 1.8171504797 0.8723104942 -0.0801354609
-0.5229829486 0.5308862442 -0.5154134200 -0.3269306561
-0.9225353000 -0.0721716399 0.9659634137 -0.3051493549
0.3389693074 -0.4036385102 -0.7945874088 -1.1071299358
-0.1599746985 -1.4370645183 1.1682787808 2.2183516888
-0.5623609899 1.0644709021 0.4289461692 0.0317612503
1.2205166253 0.1219553308 -0.3669046535 -1.2707636420
1.0035085189 0.2137487137 0.0860595019 0.2577163905
-0.2234915486 -1.2418318371 1.4803680200 -0.2064889176
-0.9305834202 -0.8818424174 0.2237403857 -0.8539012062
1.7542228681 0.5773263784 -0.2029454366 0.8984672922
-0.0509889410 -0.3409852337 -1.6092940094 -0.4476171219
-0.2582918514 0.3401017908 -1.1938451002 1.0179450707
-0.4287812730 0.7492506059 -0.7843556576 0.5804497000
-0.4148857302 0.9660117452 2.1175827984 -1.4082181105
0.0108406660 -0.3578716345 1.0824037273 -0.3496305013
-0.9363555415 1.1062335247 0.5503629786 1.1357052796
-0.6833424848 0.9269218852 0.0571642806 -0.4175579846
0.6397052915 1.6322879788 0.3646288366 -0.6420641713
-1.3325668956 -1.0747634509 1.4975528441 0.6872793706
-1.5358801789 1.7237455998 -0.7511010710 1.0693517720
0.6710196303 -1.6396243342 0.6902171598 0.6192993869
-0.8429835727 0.0026991115 -2.9121997892 -0.6296126330
1.1322360507 0.3861526861 0.7141085977 -0.3802859666
0.4544552767 -1.7077622631 -1.2481387873 0.8939565033
-0.2226102751 -0.1580435060 -0.4923879675 0.4505358837
0.0162020961 2.8004096386 -0.0198009645 0.1711226981
0.1425908952 0.8747254213 -1.9583839334 0.0979588249
-0.9161862885 -0.3232048836 -0.7666479073 0.6221031316
0.3713932276 -0.0076229523 1.2513147103 -0.5208988871
-1.1340803302 0.2177430686 -0.1592337258 0.4846207489
1.0388658729 0.2785663098 -1.6073172616 -0.2288588451
-0.2267679415 1.2962576470 -1.1301358625 1.6947495901
-1.3856506710 -0.8240289819 1.7910790028 -0.1910581114
0.3622750544 2.0730907101 -0.3362313057 -0.6124380962
-0.7269064697 1.0171065436 0.3526586860 -1.1095736819
-0.9184541027 -0.9969324503 1.6400120625 0.8486401143
0.2234301029 -0.2308704259 -0.0426107815 -0.0702842998
0.8591806325 1.4879809656 -0.2875747956 -1.1419749516
0.5785981456 0.4174223332 -0.8074056272 -0.8519501762
-0.1904291929 0.0956517912 0.5926608043 0.3132414691
0.3549400380 0.5260809628 1.1787538638 0.3303494963
1.8776158214 -0.7407096952 -0.3900917176 -1.8999875457
-0.1748301352 0.3181065001 1.8060671403 -1.2335097287
-0.1525494106 1.0664334150 -0.7776309236 0.3845958139
1.6562371913 -2.1757182545 0.1863736016 -0.2718077882
0.6651396649 0.4725244959 -0.2420477193 -0.6295607687
0.9500149713 0.2750174846 -0.9546636819 -1.2871392818
-0.1916487176 -0.2525874243 3.0984906828 -0.2625604779
1.9222978730 -0.0703013909 -0.4551959758 3.1238671095
-1.1585896364 1.1845692573 0.3379422991 -1.7713680908
-1.0970831748 1.7192954344 1.1401270359 0.8371034668
0.4182053879 1.0381515391 1.2398615840 -1.7086423330
0.1028954013 -0.0916233006 -0.4599494005 -1.7103464822
-0.6724151489 1.2871210375 -0.6059477725 0.0498491806
0.7326113306 2.1843962519 -0.7566385589 0.1461467769
-1.3821604304 -0.5883934137 0.8215244883 0.0924307000
-0.1092721014 -0.6138849935 -0.1513108341 1.1483192874
0.0472737418 1.5143793593 0.0919951822 1.1385947660
0.8989054210 -0.3223941922 0.1515119085 0.2651959583
0.6096016204 -1.2558408606 -0.2478862394 0.1025131560
-0.1552684684 -0.0100922598 0.6379720862 -0.2865651067
0.1414852418 0.9858779563 -1.7919464580 0.7691513756
1.2151176203 -1.7437503805 -0.1883519607 -0.7340198865
1.3426347597 -0.1026040459 0.4544230125 1.5534140985
0.5661261035 2.1952910334 -0.5148506189 -2.7785670625
-0.6166677130 0.5930362749 -0.7425876129 -0.7899756041
-2.3448469925 0.1650177052 0.5776727783 -0.2709916889
-0.1250449754 -0.8066496257 -0.5207663953 -0.7602816030
-0.7034192378 0.1467577326 1.6275595042 1.1607826681
0.9208254891 -0.3877631891 -0.8275562186 -0.3639200290
0.6811271431 -0.0928002667 -0.1878576274 0.4188000151
-1.4668130929 0.0507499529 -0.3031521557 1.1219905658
0.0603320343 0.8717205248 0.5138080062 1.3965402805
-0.9736869438 0.4412731472 1.0758505878 0.5794552708
