-1.4983388811 0.0613960359 1.0106890331
-0.5144471525 -1.0330670909 -0.1808989204
1.1559589360 1.0947618633 0.3679147160
0.2024447447 -1.2675001767 0.5869254796
1.1733335317 1.7284180105 -0.1330078974
-1.1826630278 1.1130271498 -0.0598646150
0.1783013947 1.0647516944 0.6622687110
-0.5436290669 0.9414584939 0.7852329810
0.0210615179 -0.1378634582 -0.3264778822
0.7379808281 2.2873141637 -1.0071605522
-1.0968822958 0.0991408015 -1.3839373950
0.9789076061 -1.9299884067 0.2368614559
0.8662474137 -0.0073742506 -0.9808735972
2.4535996000 1.3002433003 -1.4053380551
-1.7092106082 -1.8525198087 -1.6415750774
-0.5999136312 0.0654020715 -0.4843576504
1.4099860170 -0.1517250844 -0.1133020986
1.4283621342 -0.6121498339 0.5232360954
-1.0392837815 -0.6250345020 -0.1074762615
2.8213576949 -2.0979121276 1.0232167442
0.6676431133 0.1714572014 -0.6381657361
0.6952088745 -1.4471624653 -1.9201963391
1.0505320486 -0.2392668301 0.6809399064
0.3251046715 -0.1982288372 0.9268128967
1.2667016635 -0.0655276187 0.9807077933
-1.0555103140 -0.2480894124 -0.4337281249
0.1580397383 -0.6468283175 -2.8915605036
0.3080953375 -0.4328363542 -2.5030766107
-1.1764370204 -1.1194432858 -1.3402410473
0.2631044332 -0.7637715417 -1.2090551333
0.4499598399 -0.5183658444 -0.5351157556
-0.3603814623 0.2011878024 0.9098050851
-0.5505833097 0.4788663725 0.1716652171
-1.0016703755 1.4849086777 -0.7839064349
-0.8296040196 -0.2666065309 -1.0077509262
-1.1247761743 0.7510898588 0.5734716745
-1.7751159055 -2.1112997916 0.1255915856
0.3535618604 -0.3604911217 -0.0449176731
0.3089692197 0.7075452876 0.5409732997
0.7119788129 -0.1385389672 -0.5457047049
-0.0491989598 0.0412769757 -1.5139849440
0.5085610566 0.5059004574 0.6994837533
-0.6073161480 -0.5831412830 0.8065155146
-1.1456042372 -0.6215617823 -0.2250612838
-0.1882020689 0.1850105077 0.9743429660
-0.3337124946 0.3796101625 0.1974220947
-0.2564296951 -0.0035312277 1.6501493978
-0.6051453610 0.4521540608 0.6966175617
-0.7949001786 -1.8913681887 -0.3272931836
0.8631771825 -1.2557264975 0.5319167299
-1.8286112865 -1.3628159203 0.1503295186
-1.6367494973 0.7663209260 0.8225747606
0.5983473587 -1.9664339993 -1.0699614286
-1.3439347091 -0.8762023361 -1.0298762318
-1.1119218585 1.9416788350 -0.2031013186
-1.1612212696 -0.6328086298 -0.0585274588
-0.8187593552 0.8238302497 -1.2190339769
-0.7680954793 0.6361946141 0.4406731377
-1.3036914604 -0.2376684772 0.2529170124
-0.7621519829 -1.9015189581 0.5231456890
-0.3339305592 -0.6712615065 1.0010671673
0.6289897521 1.3353211428 2.0661338583
-1.5986325945 0.8616787917 -1.6820370755
0.6006082746 1.0127095465 1.0566470188
0.2722503956 1.4451299189 -1.3928108025
-0.0428027531 -0.4116390288 0.7886996270
-0.0394007937 0.8798935863 -0.2079428304
0.1350564515 -1.2208669992 0.7111958399
-1.0512164619 0.0387049397 -0.1361103004
1.1416199296 0.6766961683 1.0866373089
0.4178351946 -0.7204752020 1.1313640753
-0.1520133150 0.0386229721 -0.6565928909
0.8341446116 0.4928605425 1.0612545570
-0.7054801348 -0.3838460591 0.9231758487
-1.0216413392 0.6004338348 -0.1324610735
-0.3563424693 0.8750005884 1.4239086663
-0.9526057077 -1.9360674948 0.3903678091
-0.0683927478 -0.0519677902 -0.9350233762
1.7417269491 1.3899080127 1.3544886887
0.7500370114 0.9006725084 -0.7779894618
-0.7451612881 -1.1929338807 -1.9620856577
-0.4627869779 -0.6226029525 0.6448532614
-0.3546544022 -0.1708847270 0.7276823395
-0.5518909121 -0.5686872882 -0.5646945763
-0.1665514362 -0.0036898978 -1.4140490306
-1.3787717906 1.0204542551 -0.1414056494
0.3806817196 1.4591425156 -0.8828032534
0.1817248417 -0.9382051740 -1.1995408109
-0.5278260073 0.3869757233 1.1094173171
0.6136307706 -0.7962383489 0.3508072856
-1.0570596977 -1.4781731004 -0.4542247464
0.9264253395 -0.9984276965 -0.3841347972
-0.7001611108 -1.1571382081 -0.8079933560
2.1505825106 1.2814271606 -0.6675090248
-1.7675869256 -0.3814058235 -0.6260790162
-0.4423574479 -0.0868881501 0.0169108951
-0.2189439553 0.5476034246 0.9471512175
-0.3908241237 -0.5790069810 0.6806836254
1.8699085828 1.4412875435 0.0504696660
-0.0490407047 -0.4603744419 0.5347990986
0.2239180466 -0.3854292170 0.1109045847
-1.2721801801 0.4145251372 -0.6330530258
-0.9413828380 0.5621078971 0.7840695908
0.4322271964 1.0746700833 0.3927114199
-0.9029669426 1.2112820960 -0.6771656579
0.8824587209 -1.5974608627 -0.1593425032
2.3509025862 0.2172413559 -0.0575652652
-0.7503386121 0.5898118083 1.2247214370
0.4846566070 -0.0288406461 1.9307300497
-1.3697134697 0.4414314116 -0.6979664479
-0.1261415943 0.2878577830 -0.8165704892
-0.9047785976 0.1256792182 0.4695649590
-1.0919735920 -0.4692947067 -0.0350583092
-0.9557647331 0.0534853906 0.5314626462
0.3602262626 -1.4165854885 -0.2035440382
1.3206567317 -0.4858676077 -0.7028535931
-0.0751667343 0.5456271207 1.5468813390
-0.1268199523 -0.1929231433 1.5059415603
0.4188841809 -1.2783618528 -0.8020642862
0.3149374098 -0.3006496263 -1.2654038253
-0.8324311642 -2.3426111472 -2.0668805510
-0.1487803242 0.6526558481 -0.7736632064
0.8860459430 -0.5194930763 -0.2840498754
-0.6365882792 1.1576176609 -1.2342208412
1.0497444690 -1.2179246977 -0.1362414866
0.0369663467 -1.4778856145 -0.7809070238
-0.5132461157 -1.3755439448 -0.4313444479
-0.0309920895 -0.1413521712 -0.8804527591
-0.6320111806 0.5341085556 2.2513733852
1.0845285869 0.5664960050 0.0514259815
-0.3955052101 -0.5863188269 -0.3846136017
0.0763623337 -0.5741595052 0.3525337301
-1.8974343979 0.2865184700 0.6688813561
0.3867008916 -1.4477706324 -1.0168747393
-0.2400471044 0.3393733640 1.3164464624
0.7039332080 0.1281689985 -0.6633553616
-0.1765657189 -0.5368024500 0.6928842202
0.4076285693 0.1472823992 -1.1264597065
-0.0751986320 2.5228380427 0.3299390481
-0.1016763807 -1.2919219467 1.8053003645
0.2363141679 -0.6874446472 0.4075220569
0.2292353756 1.5785862353 -0.5283278476
0.3129845881 -0.2247478760 -0.5381106631
-1.0700919346 0.3767797319 0.3589561724
0.9064471395 -0.0855643873 0.0162647150
0.9410461167 -1.2070403161 -0.0077484076
-1.2315982520 -0.2246798880 0.5706086391
-0.8956741924 1.2784977734 1.0151199882
-0.1791965854 -0.4190663779 -0.6513296626
-3.9368046807 -1.8045925632 -0.6169210787
0.2428412865 -0.9608077672 1.3602901234
0.0850933737 0.5467625579 0.5284178225
-0.7442761803 0.4631367223 -0.9635158234
-1.5394759758 1.5521134491 0.7828778458
-1.1654716347 0.6446817071 -0.3942278260
-0.5784035437 1.0920031068 1.4413379477
0.4323188040 0.2375722706 -0.4193461614
0.8131279066 0.9907113233 -1.3841700241
-0.3505883544 -0.3975020602 0.5045410246
-1.2186216917 -0.5153138872 0.4058055410
-0.4572485203 -0.2745010326 -0.8838613252
-0.7114344738 0.8838611389 -0.9857313640
1.1410820715 0.8332922052 1.3558095271
-0.0898982642 0.4115627728 -0.7855048459
1.6056134286 0.5072391123 -0.5296777967
-0.3898703575 0.1375817811 -1.5507125700
-0.0717728356 0.1248881256 -0.8639618856
-0.4510456364 -0.0273079312 0.8295299546
-0.5479120934 1.6748712163 -0.6485023799
1.4449346546 -0.2792692193 0.5406230229
-1.2078342769 -0.4272511686 -1.9706049333
-0.1764358150 2.3898404160 0.1568705643
0.8680235132 -1.1601956936 -0.3961276809
-0.3909402667 0.9823116958 1.2547594175
0.3100152206 0.3952652700 -0.3695631641
0.7786443593 0.0905052359 1.8931367266
0.8519402745 0.1611376567 -0.0562097890
-1.5455573983 0.4695647245 -0.8517144925
0.1813511714 -1.2763618064 0.2305403184
-0.6288050982 1.5152992031 0.2601752318
0.5372151690 2.0809800983 0.8315710460
0.5648001298 0.4256671263 -0.5855378651
-1.0971696052 -0.5160982458 0.4552651209
-0.3824773508 -0.4226452925 -1.2395758985
-0.7534660816 -1.4065525981 -1.1176173453
-0.6360095231 -1.6926762895 1.2258470405
0.4508016391 -0.7012247089 0.2209261078
2.1121848644 0.3788049217 0.9222496938
-0.6066551380 0.4843999245 2.2074791287
-0.2830412044 0.4375279478 -0.0676501768
-1.3015748317 0.4054096269 -0.7726299635
-0.0446136682 0.8936762986 0.5683708163
-0.8598817642 -1.0776961314 1.6704700216
-2.6510146769 -0.8029812893 0.6632376584
-0.3764870595 -0.8153179593 -0.4677265275
0.8073546161 -0.5855999253 -1.0318249617
1.5511012933 0.9012267528 -0.5481370570
-0.0965305177 -0.6183620491 0.6565634151
-1.0147430492 -1.0440971437 -0.2292349965
0.4597306610 -0.8496461946 0.4181094762
-0.0047305353 2.6189530941 -1.7326328561
-1.0425231879 1.1937031087 1.1542415743
1.0740195514 1.5356111415 -0.9796099238
-1.2988457917 -0.3012612910 1.5436549616
-0.3217649090 -0.3223499434 0.0596782493
-0.5455279167 1.8134008489 -2.1022376272
-0.8743985573 -1.9212269391 0.9949583003
-0.8290835975 0.8992295934 0.3697717539
0.4878679409 -0.9191336594 0.4038415266
0.0152896732 0.6715013280 -1.7501669921
1.0246717919 -0.8323583975 -0.1259995583
0.0540190905 0.0920978918 0.0251208412
0.5912672051 0.2151879732 0.5626781037
1.7611236638 -2.0687526494 -0.2728894158
0.4882186593 2.4856629654 1.3035697352
0.4858038650 2.3815681661 -0.6326311525
-0.4013247028 0.6291255742 0.6404956300
-0.0973785750 -0.1823199425 0.0557839306
0.9402401788 0.8408328096 -0.2073272313
2.1855974991 0.3474166200 -1.4927188069
-0.7553409743 -0.5630853752 -2.1275565562
-0.2020166380 0.0061192938 1.6607826986
-0.1828586792 1.9740518992 0.3172404422
-0.1327304030 -0.0681983864 -0.7944296578
0.9054063122 0.4281115414 1.8767348436
-1.2493652059 0.3512319521 -0.1619784833
-0.6473925023 0.4892531369 -2.6222904855
0.1722677820 -0.5008850637 -0.6591544341
-0.8501477947 0.4310996413 0.0064858473
-0.9189024933 -1.2562663588 -0.4114180455
-0.1021897961 -0.1712560246 -1.6721052645
-1.3546029576 -0.0752083449 -0.0311840951
-0.8842263503 -0.5483987394 -0.0047556938
-1.1138779105 -0.4368164211 0.8109560718
-0.8894807002 -1.9437940012 0.4213419388
-2.3661567242 1.4768121753 -1.0120070121
0.2678153855 0.4829795120 1.9788008042
1.0100868958 0.3069658250 0.6204156682
-0.8436527608 -0.1613543519 -0.7402463612
1.3553326771 0.4508897955 0.2286692874
-1.1895451205 0.1403875971 1.4083895331
0.4405443211 1.2878299618 0.1546096946
0.2727134757 -1.0202631696 -0.5682057334
1.5112181595 0.4439736787 0.7302611038
-0.3155199803 -0.3569417488 0.9944758541
-0.4248012925 -0.1041680653 -1.0893449142
-0.5266427109 -0.2913167847 -1.1022281949
1.0182983473 -0.3792920669 0.9955858495
-1.1480354101 -0.1012250376 0.4815898265
0.3266235341 0.2043666300 -2.4038354295
1.0445093186 0.0547896451 -1.5261262915
-0.1985584927 0.7217274429 -0.0141498129
-1.3209738597 -0.0536696425 -0.0067453805
0.2635499064 -0.8334392822 0.5497644303
0.5144244235 0.6471786556 2.1407832561
-0.6483322573 -1.0748042385 -0.1783961691
0.0990589450 -0.5585339497 1.0476733064
1.9789999102 1.6517652475 1.8201191324
-0.9558743583 0.6571765283 -0.6612474565
0.8813945425 -1.0827703779 0.8339283466
-0.1361746537 -0.6672775814 -0.7359191726
0.2420490129 0.2545830369 0.7159941384
-2.2257119585 -0.4064442354 1.3711148227
-0.3483460282 -0.8429400154 1.0490267242
-2.0717142142 1.5678189071 0.5509024703
2.0816662318 0.3099737894 -0.1017200959
0.2833790702 -0.4137807342 0.3112568201
0.3188021440 0.6086956082 -1.7621370569
-0.0876579022 -0.0208791052 -0.4896794956
0.1660909523 0.0285075213 -0.7429282713
2.3559391053 1.5890895604 -0.5805263668
1.0334351574 -1.0399530820 -0.7503269762
-1.9231946122 0.5667116716 0.1985378961
1.2516808629 0.7898529457 1.8009972535
-0.8631210681 -0.8634965837 -0.1514891873
0.1177933094 -0.7144044034 1.1245965427
0.3302733096 -0.6569018159 -1.2059115150
-0.2503743541 0.6285017597 -0.0416910513
-0.3878827336 -0.7973030450 -0.6006193940
1.5057543190 0.4579119509 1.7748073436
0.0566401789 0.3514604888 -0.7729468412
1.9013903729 -0.7453188411 -1.0191336661
-0.0276249809 -0.5354929142 0.2535641279
-0.6191357237 0.7215021481 -0.1403798854
-0.2586877908 1.3240269310 -1.0083786592
0.5799969832 0.2790060925 0.8706679638
-0.1360088961 -2.2199748980 1.2137655087
0.7268738289 -1.4443618374 0.4021901128
0.0303756113 -0.6936316446 -0.4493468639
0.0436674560 0.4222046453 0.5861694353
1.8450884743 2.3599371094 0.6439881586
0.1402675767 -1.1240333039 0.1269766800
1.3531123320 1.4420841995 -1.2625503547
0.1998842766 -0.1728626391 -1.4729048273
0.3530167733 -0.9248708143 -0.1833268608
1.7376834281 0.5453694877 0.0008367698
1.7919110519 1.9868254063 0.6344293412
0.6282115136 1.1359755251 0.7405550105
0.7646031699 -0.6566486593 0.6210091059
-0.4824663913 -0.6321699503 -0.2149199389
-0.6986039441 0.6640729770 -0.9458323253
0.7799316246 -1.9134699993 -0.8071910489
1.4888954221 -0.9726476446 1.0333044612
0.5343001923 0.7212378679 1.9673223434
-0.6034137593 -0.4652267886 1.8120637559
-0.9167986453 -0.4674871496 1.4925640115
1.7783425494 0.6733221842 0.6074586300
0.1823271569 -0.5741008202 0.9614746769
0.9598546732 -0.8568876309 -1.9571030606
0.5708716777 -0.4217003327 0.1354420512
-0.3197778246 -1.2669727463 1.0317802293
0.1706680913 -0.1615722903 2.0950729344
-1.7565306462 1.3033963281 -0.4624515275
1.6536218831 -1.0673865933 -1.0407316009
-0.6806896074 0.4110678632 0.6893550586
-1.0175214598 -0.2175004872 0.6627077331
-0.9712666575 1.3981472217 -1.2846888344
0.5231972301 -1.0259070555 -0.3486721762
1.2278465803 0.5687745490 -0.0016241628
-1.2988119826 0.9798264313 -1.2836552969
0.2358092911 -1.0288935059 -1.3647844694
0.2365174013 0.7597678759 0.3939773123
0.1383946119 2.4571588958 1.3593461220
-2.0228544443 -1.7791172364 1.4553978931
1.1199180701 1.2724740403 -0.4523008445
-1.3551376954 1.2516389282 0.2393369896
0.0238230395 1.0399148360 1.2637694831
-0.8205174153 0.2922146839 0.9835221135
-0.2152254696 0.1929906855 0.4425529681
-0.5240996581 0.1408428189 -1.0690468250
1.0245893573 -0.8459943833 -0.6299652914
0.8637408207 -1.5546853832 0.0277023403
0.8941139807 0.0888932602 0.2721287890
-0.3095468105 -0.1029081284 1.3940233305
-1.7080704241 -0.3382207920 0.1212699836
0.1463634265 -0.6823152859 0.7082994324
-1.2082288978 1.4291055413 0.3980848229
0.5166626464 0.6430185381 1.7907323800
0.7570244316 -0.6341384419 -0.6513040418
0.8444706922 -0.2284208217 1.4997578471
1.7650940229 -0.1634629618 -0.0929395602
-1.2728190001 -1.0377972298 0.5430030639
-1.8112484401 0.2449079977 0.6277513916
-0.2879346169 0.2788561551 0.3169578991
0.7689871434 -0.2163328172 -0.5956204494
-0.2834101337 1.4858565654 0.1644042273
-0.6078668293 0.3094607520 1.0673958263
1.2889492781 -1.2225702842 -1.0573841303
-1.0519531084 0.3877134088 1.2322130085
-0.1015091926 1.2478240666 0.2535402458
-0.2927088267 -0.9015565470 1.1946361302
1.4822796831 0.9926983936 0.9225068385
0.9584451080 -2.8290902744 -1.4106174260
-1.4279762583 0.4078557103 -0.3698759923
1.4231342621 0.2969836775 -0.9473820558
0.1291888524 1.7720775304 -0.4931523457
0.1927168282 0.2435601875 -0.2169505432
-0.9009062908 0.1753091024 -0.4140111915
-0.2587334801 0.4407135020 -0.1443157663
1.8326446187 0.4906703407 -0.4916792341
0.3557987833 1.0248603114 0.1022998682
0.1035794409 0.7425255011 0.6349361121
0.1143835134 2.5886386717 0.1421659420
0.6474267431 -0.7445063895 0.6217714006
-0.3687583987 0.4176085824 0.0206577509
-0.4496522124 -0.7527098684 0.0459470457
-0.2323958909 1.2487152893 -0.8532947583
0.5964256079 -3.4539332569 -0.2111434927
-0.2286012868 -0.2246259153 -0.2802660410
0.3685108998 1.1758918197 -1.2586197317
0.2453357566 -0.8469628587 0.1798684886
0.5157381390 1.4533889780 -1.3470745977
-0.5480428693 1.4790057374 -1.5009740165
-0.7545588145 -0.6445146686 0.4077602016
1.2443109959 0.1467978003 -0.2146956463
0.3658356724 0.0521294674 1.4080345982
1.3920281950 -1.0830039602 1.2121805255
-0.0466065390 -0.0904143131 0.9150437300
-1.0885750499 -0.4740984832 -0.1630097731
-0.6521439498 -0.4577442458 0.9245415874
-0.9247350747 1.2742155386 0.0417488454
0.0011728141 1.0965744476 -2.1506399278
-1.1760560624 -0.1367858141 -0.3473002375
0.8471475256 -0.1482339371 -0.4682694580
-0.3198934344 -0.5983662341 -0.5626689723
0.3981674198 0.4192427916 0.6449602164
-0.1123273570 0.1761315562 0.0061376863
0.4139326892 1.1777734447 0.1722727421
0.8226165641 -1.8619954452 -0.7076985520
-0.5325601485 0.5027740746 1.2497079004
0.0194686924 -1.5414724662 0.3343197135
1.2355996559 -2.1820110745 1.3644240286
-1.0278123506 -1.0358544825 -0.0254316503
0.4194352570 0.2596568517 0.6931778151
0.3131826431 -0.3947494251 0.1012529653
-0.2288782483 -0.5678766327 0.0508511212
-0.2750269882 -0.2146905283 0.4059484984
-0.1973075751 1.0308954364 -0.3590486038
0.4950323629 -0.6454930598 -0.2394650191
-0.8901917904 -0.0424220669 -0.3085199213
-0.6018351093 0.7127698215 -0.3634273085
0.6134921690 0.6117253569 0.5345913039
-1.0194505867 0.6063133381 1.5479897258
0.1283992288 0.9018681495 -0.4232474792
-1.5565174369 0.3735750881 -1.6568734304
-0.9190154127 0.3675590110 -1.4306781500
0.7729099442 0.2665148212 0.0815573128
1.2523844589 1.5996008124 -0.7183637215
0.5487780993 0.9390147854 1.1332776050
-0.0160549695 -1.4522454435 0.2224160449
-1.7854425525 -2.0527014431 0.1419674829
0.0553635713 -0.2354947202 -1.3867641844
-0.6702317559 1.4056242701 -0.1465871354
0.0227528844 1.3967209895 0.5363868664
0.1497812455 1.5034152542 -1.5281699409
-0.7941615900 0.6402011027 1.6161394990
-0.0325735092 -0.9115409929 0.7826065040
1.3000429807 1.6129955192 0.2289124716
0.1873689252 -0.4275315787 0.2823666122
1.0786299718 -0.3777163123 1.2610784988
0.5665173627 0.5752953853 -0.0451352118
-1.3962331203 1.7198732749 0.9946300523
-0.8610976093 1.0246263443 0.8413382975
-0.1158821324 0.6567046452 -0.7401479141
0.7366921398 0.7844913401 1.5067134105
0.9548959555 1.5626004427 -0.0320265327
-0.8175589079 -1.8296584906 -0.5087702025
0.1499465299 -0.3923223006 -0.0425289186
0.2398981072 -0.5539200201 0.6618782386
-0.1797892959 -0.3976907619 1.0722930931
-0.1995387073 -0.6134274534 1.7531588956
-0.5050233007 1.2819125470 -0.0038257125
-1.0102716333 0.2842183823 -0.2707764960
-0.2826696872 2.1791738144 0.0404272813
1.0614821448 0.7646557392 1.9734547149
0.3061141065 -2.1760397910 -0.2156726468
-0.3441839468 -0.1781821389 0.3500692111
-0.8743816393 0.6585443448 -1.3210982868
0.4618125891 0.0553165505 0.7622804652
-0.5703941551 -0.4137647504 -0.0005629076
-0.8061325328 1.1129650991 -1.8560414390
1.4306634624 0.7991765816 -0.8445072864
0.4139337556 -0.3831084734 0.2540473254
1.2728591873 0.9516542286 1.0044452158
-0.1307878568 -0.7134934587 0.8822926289
-0.7642380023 0.0760148057 -0.4389194979
0.3505031596 0.8814145612 -0.4918131560
-0.8048632063 -0.0164355067 -0.1956688184
0.2340598614 -0.1123060323 0.7146297565
1.2522042174 -0.3605580002 -0.5008255858
1.8836740808 -0.0037436576 0.9332903427
-0.1602635456 -0.2145991559 0.3987662037
-0.3498910842 1.2388492964 0.7132467640
-0.3509134990 2.4526626301 -0.2117746098
-1.1895040236 -1.4281374757 0.4500318938
0.7633564221 -0.5942731140 0.4307219764
1.3728899772 0.6474818927 -0.0263147414
0.6432356819 0.0908888480 0.7461700959
0.3971252417 -1.7777967752 0.6246116891
-0.9893078118 -1.6605368110 -0.9089165835
1.4562192555 1.0267803336 0.8758916453
0.3319844081 0.0698470092 0.6284651774
0.4393181748 0.3699835562 -2.0810212619
-2.1633243336 -0.0658680740 -0.4589812457
1.0767795964 -1.0358683081 1.1531810957
0.2505859965 0.4691450596 -1.0617453437
1.0798461712 1.3710190110 1.2265588585
0.3535643637 -0.1740367863 -1.9152395901
-1.5912491031 0.3725554244 2.3319517397
-0.5874224042 0.2146718049 -0.5404829969
-1.0745462078 -0.2900723199 1.0509785179
-1.0759107792 1.3008711056 -0.1623266818
-0.2106927821 -2.5329536909 0.4056597867
0.3996067862 0.0152344961 0.6240995073
0.7547363130 0.9674159968 -0.1472515842
1.0036438499 -0.7728249110 -2.1654114907
-1.9771231079 -1.2218617778 -0.4217030577
-1.6239067517 1.2985772359 0.5447291310
-1.4339630741 0.5961779959 -0.3274499293
0.0456082409 -0.1931838029 -2.1441729592
-0.2022976640 0.3091309319 1.3189992195
1.1438579380 1.1361763074 -0.1873777662
-1.5254524067 -0.2166105483 0.6839351473
-0.7313326257 0.0913527112 -0.1605666103
-0.9467792330 1.3564755285 -0.3568926527
-0.1511007239 0.2887700841 -0.1919436602
-1.1562673908 0.3953302479 0.5101601936
0.2828140832 -0.2498929836 0.2425384434
0.9490585240 1.9893984066 -1.0434419991
0.5878834211 2.4395291820 1.0329180856
-0.3748742131 -0.8069243196 -0.7366077308
0.7804354882 -0.3379786199 1.2183863875
0.4481844358 -0.5005528924 -1.2667135240
0.0260663173 0.6925849190 1.2646750068
-1.0508817664 -0.1471310772 0.6496450614
0.8974857755 -1.6152816818 0.2449515149
-0.4671955441 -0.3518691274 -0.2338242503
-0.7106984251 1.8013724428 -0.8154037450
-0.7316487060 -1.4845942866 0.2543892937
-1.0507883260 0.8235010255 -0.8534593205
-0.3696438054 0.6892961046 -0.2813547487
-1.3876806282 -0.2266355029 -0.2122937263
-0.6990931449 0.2344374261 -1.0062386241
-0.3623676309 0.1746096572 0.6388673762
-0.3326899261 -0.1090313562 -0.9195355255
-1.4287018593 -0.4038254119 0.5444353993
0.2110061153 -0.2278804772 0.0499779452
1.7573515642 0.2404710178 0.1074262350
0.0820589326 -0.7628475196 0.3164250321
-0.4087972974 0.2349934607 0.0618207520
2.0280325016 0.2493286942 -1.4692593912
-0.5831766058 -1.8190077246 -0.1012602219
0.7831297096 -0.9542219864 0.2035537593
0.2612762364 -0.5451743186 0.6698747035
0.3194084084 -0.7321062567 0.3781493712
-1.7117561926 -0.5636862360 0.1368053119
0.7518635082 -0.7394883048 -1.8671217144
-0.6040511958 1.0359311561 0.4616929922
0.4872284159 0.8633687832 -0.6651499705
-0.4558137230 0.6082319079 0.8372866924
0.8707827752 -0.0172469056 -0.0844055761
-0.4327358657 0.8504578381 1.6297529359
2.1779534650 0.4463394097 -1.1759403640
-0.0597014939 -0.2990531659 -0.1790448306
1.5408927711 0.0013844390 -1.4101660874
1.1783544247 -0.3045543675 0.6561491414
1.3491815731 -0.2783513333 0.9895730158
0.8762155558 -1.2311111575 -1.7363336832
-1.4955776986 -0.3134072116 1.1837273023
0.4884162869 0.2724789330 -0.6374813274
0.8366333427 -0.3312632238 -0.8170581643
-0.0903588719 -0.1494327425 -0.8975536183
-0.0559742794 -0.3228600326 -0.0553102445
0.4201079947 -0.6512333768 0.0352644933
-0.0037840465 0.1678620368 0.0169486974
0.3381009176 -1.3339692001 -0.1215754397
0.3173264087 0.0308372132 2.3413691172
-1.7478486881 1.1128182018 2.6097532454
-0.2387350166 0.4832361941 -1.5744198058
-0.2315133396 0.2420437272 -1.4083036239
-2.4831019496 -0.6061741880 -0.1391331428
0.1769616311 -0.5511754281 -0.1561902621
0.3408172307 -0.4247724732 0.8785099528
-0.1371886083 0.7044438452 -0.9833927449
0.5800077463 -0.3941218297 -0.4474357537
0.1569603619 -0.9609823858 -0.2875527909
-1.2116404551 2.4988015579 -0.3937475626
1.3927233949 0.1517688108 -0.4919361757
-1.7966540223 0.5765525459 0.2121962629
-1.1854344536 -1.0673259022 1.2109859658
-1.0629957425 0.4709425970 1.6002758020
0.6191099388 -1.5803620519 0.6522366876
-0.7172042846 -0.8657566187 -0.0431334608
0.2637566867 -0.1777456212 0.0170650945
-0.2350316281 0.8922412043 1.1628235020
0.5726473159 -0.1411214387 -0.4473642490
0.2991809019 -0.8033917066 0.7645010232
0.8221162256 1.5846839424 0.4237673587
-1.0413876226 0.0956554017 0.7112181816
0.7110504725 -1.3138990011 0.7437176525
-0.3252905370 -0.7456584855 -0.9670762299
-0.4058456730 0.2321670603 0.4859594905
0.3458470958 -0.8477369198 -1.1337714890
0.1339836655 -0.0963137086 -1.2778576724
-0.3668421562 -0.8450890689 -1.1500446914
-0.7361982655 1.4367125405 0.4166597313
-0.2593163490 -0.0018977286 -0.5192424166
0.9245382896 -0.7432523979 1.1188620111
0.5101235511 -0.6437304897 1.8012750368
0.7884345042 0.4352782060 0.6690791569
0.7595062995 0.4615811500 -0.9918278736
0.6255199472 0.0645401530 0.2940610064
0.3346552678 2.4300264772 0.0006500528
-0.0625190156 -0.0053641715 0.6546246443
1.3679159895 0.6942988270 0.9221866802
0.6809380300 0.3177250418 1.4937744740
0.7621851261 -2.0426588484 0.5370312271
-1.4153854214 2.7521020796 0.5982542265
0.3900083877 1.6874570505 -0.8225054955
-0.6302861167 -0.8615674732 0.4093764103
-0.1759824968 0.0028816548 2.4529651798
-0.3511170106 -0.4064266823 0.3349878944
-1.4843018305 -1.1271088649 -0.1647123808
-0.5564926759 -0.8696052665 -0.4411662511
-0.9964990259 0.3852360739 -0.2641482974
-0.4729966468 0.1518721458 0.0294038970
1.2672093277 -1.8039895677 -2.4994137680
0.1939129475 -0.1517821660 -0.3073511862
0.5295894888 -0.5779188635 1.0314685369
-0.7294217412 -0.8591627828 -0.2097891466
0.0320140127 0.6571637588 -0.6209975645
0.5168785482 -0.8941846570 -1.4713765280
0.8863961081 0.1088388155 1.2503393138
0.0832342535 -0.3433701061 1.6234053677
1.1695438258 -0.0891026994 -0.6469808445
-0.4469130827 -2.1039084122 0.2313071634
-0.0643928090 -0.4149157776 -0.2808449677
-2.2285256695 -0.9242291313 0.5830660955
-0.1571013708 0.6840166827 1.4163706956
-0.6694591728 -0.0477764186 0.1987603199
1.1776425146 1.6112392923 -0.9537973773
1.0373537533 -3.3939031541 1.2705942419
0.9427611786 0.2225729371 0.1329000476
0.7617593046 0.1099169383 -0.8885179561
0.0051211175 -0.7780901126 -0.5245878270
0.2084558339 1.0342838499 -0.2047615211
-0.5067669403 0.2463271261 0.0618378033
0.8421912732 -1.9198804203 0.0248589276
-0.8890622446 -0.3306813709 -0.1864245270
-0.6823112370 0.2374879360 -0.3422914504
1.1130965934 0.4864262977 -0.5303199194
0.2042405210 0.0135791220 0.2072725964
-0.5965066403 0.9268663531 1.6807653760
0.5273694977 0.5365139622 -0.5150130919
-0.6835909792 0.0711672122 -0.5505209792
-0.0983040215 0.4451958883 -1.3117395408
-0.1563424721 -0.9823259186 0.2740243341
0.6753777708 4.0837148824 0.3957927408
-0.5888392525 -0.6003171983 -0.3312900347
-0.7424861384 1.3669082673 0.9862712740
-0.0838901249 0.4932188595 0.7258777600
1.5692710415 -0.1010236363 -0.7110767024
1.1748457765 -0.3230763893 0.4376622539
0.8119169756 0.3999974200 -1.8699843777
0.6012368212 -0.2688132436 1.0232395564
-1.5036772809 -0.9030831581 0.5497039366
0.1761334643 -0.8551857050 -0.6698991516
0.5140878401 0.7382063026 -0.9258879089
0.3836754971 -0.0586480994 -0.5885545857
-1.6999470308 -1.7650115157 -1.6385116342
-2.2080408395 0.8027631409 -0.5157044904
-1.0902579175 -0.3159947522 1.5464488347
-0.3208869629 1.1142119982 1.7323379390
-1.0520109235 0.1324206447 0.4201706593
-1.7589488597 1.5795665140 0.2903313142
0.5821390861 -0.5433516189 -1.0181653486
1.3468665680 -1.3303061937 2.0998214636
1.0345639751 -0.4411026418 1.5459588256
-0.5073968206 0.8293961801 0.2619301559
-1.1734894142 0.8493972685 0.1235803132
0.3344202601 0.9243959390 0.0230312417
0.0415495306 -1.3041887550 -0.2176077381
-1.0282821101 1.5625442232 -0.1242364206
0.4092996004 1.5512479136 -0.5948269662
0.1379591722 -0.5248088570 0.4431329939
0.4927354371 -0.1098108302 0.2482744650
0.5436467143 1.9014526038 0.5461182567
-0.2661003007 -0.4311516259 0.4390502248
-0.0175202897 -0.5283374837 -0.8902493274
-1.5118043581 -0.0334568987 0.7170864885
0.2650454260 0.3411109123 0.1431819257
0.8331894829 -0.2060566778 0.1095017476
2.7023749323 -2.2448781281 -1.5627751512
-0.7221088300 0.8350931307 2.3147184726
-0.2214593453 -0.2031942784 -1.4267048117
2.4280343061 1.3611622107 1.1409181765
0.7451358525 -0.3144168626 0.1561273874
1.9821976831 0.4966767808 1.5569831209
-0.0732460364 1.1736462974 1.7769369366
0.4732413801 -0.2830659117 0.0509066102
0.6988835294 1.5054599618 0.4519986819
0.0490463501 0.3246926326 1.6560880895
-0.9217474451 0.9389496196 -0.3454296563
-1.1105831342 0.5881530435 0.1706588197
0.3699816153 -0.1418341302 0.1279868277
2.0289964251 -0.6421409692 -0.0481219898
-0.4874374516 0.1628750417 -1.6622153721
0.6446105036 0.8196500246 1.9453132189
1.4296707327 -0.0679752029 0.6553571484
0.6583538354 -1.4040189236 -0.0787349706
0.3257858267 -0.7110509218 -1.3581690723
0.6839620419 -0.4601482676 -1.7061614417
-0.3239104668 -1.0919287542 0.6714001209
0.9990996151 0.1137459926 -3.3513024847
-0.9070342539 0.2661996554 0.3111175862
0.0907885844 -2.3435746788 -1.0390255006
0.0666364981 0.5391496286 0.3231803809
-0.6190290246 0.4984658303 -0.2866964644
0.2304290389 0.3514378812 -0.7424631399
0.5772956342 1.9697257254 -0.4757070094
0.8155586304 -0.0221082985 0.5050865114
-2.0776818920 -0.8418327900 0.8747528978
-0.1284110451 -0.2883995276 -2.1280976709
-0.2638084335 -0.6612632673 -0.9674155073
-1.2499605703 0.6693364214 -0.0741149852
-0.7701200553 1.3334472702 -0.8061026004
0.9255513778 1.6837825731 0.3713657037
-0.5466965178 -1.1562752054 -0.8927590108
1.0428403330 0.8506383918 -1.3805336478
-0.5741003110 -0.6320191788 -2.1198163885
0.3417062888 0.7396886020 0.2787203037
-0.7213597960 -0.9350505929 -0.8719712030
-1.9252920738 0.9124546392 -0.0097918244
0.9113102184 -0.4586830065 -0.2402887248
-0.0628083866 -2.1434342119 -2.4462979919
-0.2719198664 -1.1198723489 0.2806218550
-0.5298790560 0.5165300341 0.8047658924
-0.9557071758 -0.3832985057 -1.4372289329
1.5068497201 -2.3830644367 0.1905219073
0.7421519872 -0.2014880846 -2.2507995767
0.6616056934 -1.9081337370 -0.8824807027
-0.1348443549 -0.7547348235 0.0303819398
-0.3976658685 -0.7269738067 -1.0132278973
1.1915783205 -0.8729601356 0.3649654670
0.3919219455 0.2681967650 1.4786994396
-0.5219043516 0.4710151748 -0.8332051917
0.2308088319 0.1668746562 0.6835313070
-0.0906044770 -0.0889488709 -0.2691986063
0.3771551340 0.0486907130 -1.9964375221
-0.9587399692 0.2914946092 -1.4938213273
1.8912976878 -1.5248726028 -1.0763990735
-0.4576020284 0.3721171034 0.1197520883
0.7233518210 -0.4081125362 -0.9421926331
1.0430600761 0.8006354517 0.5020976025
1.1534784403 -0.9148963517 -0.7575373730
-1.4753178537 -0.6830995539 -0.2042607597
-0.1312135922 0.3088028898 0.1236905031
-1.1624984643 0.6453879701 1.2661468344
-1.0262022889 0.0130383218 1.5210182901
1.1900454775 0.8622720775 1.2738511092
2.2065086393 -1.3033715958 -1.6388182706
-0.1068543272 0.1769375307 -0.9606829511
-1.0724454996 2.7334488226 -1.3442890236
-1.6659331819 -0.8337318774 -0.3337406224
-0.1813807024 -0.8045274966 -0.4949444858
2.2678898162 -0.6352357276 -0.2657603894
-0.5916683908 -0.0509135981 -1.2326960468
0.2214646209 -1.2788780197 -0.4495021619
1.3746972097 0.9576113196 0.2274034765
0.5036849824 -0.4416455965 -0.7889460555
-1.1368377994 1.2372120018 0.4785872154
0.0625518878 0.4749692269 1.8635538731
0.9934531627 0.2664175154 -0.5920033005
-1.9495138007 0.5617864219 1.0873315615
0.7150858558 -0.1407110391 0.5110565666
-0.3794262199 1.0154563772 1.0587690551
0.3979000054 0.9859004037 2.3760516972
-2.1129205374 -1.2580637427 0.6110086159
0.0634434872 -1.9798535102 -0.7268453119
-0.2916142710 1.0772988347 1.6182378941
0.4208441303 -0.5005073756 -0.6109851292
-1.6513508882 -0.2697522576 -0.9183485016
0.1514828685 1.3987874733 -0.3617561876
1.3722834449 1.0412221366 0.3882662901
0.4499079137 -1.9638595174 -0.5661369037
-1.9847248912 0.7729907916 -1.3239516837
-0.0808644696 -1.2722693764 0.8137115149
-1.0292946157 -0.3931818133 -0.4969967116
1.2143854415 -0.7552349203 0.9271651308
1.3646454828 -0.4989454804 0.2779234305
0.4611497906 0.2495421484 -1.6306451143
2.6187800569 0.5864425670 -0.0654574230
-0.2680368491 -0.2857612286 -0.0321394813
0.1569642674 0.6431655768 2.3751088567
-0.6141027053 0.5492919776 0.3913493492
0.6512706609 0.7691787951 -0.0890074214
-0.2607595042 -0.3379275642 1.2093698765
0.2566418684 0.6011338205 0.5480166826
-0.4541470050 -0.3937359672 0.6904068031
0.1915724293 -0.3837057353 -0.1879521666
-1.7081211687 -2.4491077146 0.1217812474
0.0886940994 0.1232846696 -1.2561455176
-1.2536142339 -0.2600229428 -0.6356466369
1.9442205363 -0.7973697465 -1.6658736423
1.2909125315 0.5535640671 1.0393404826
0.5056068145 -0.1621042059 -0.5606161345
-0.6080951255 -1.5329869936 0.7144501936
-0.5919008002 -0.3286102552 2.6124307991
0.7339026138 -1.6426789700 1.8473780563
-0.4283270903 -2.3864095370 -0.9777762549
-0.0900121497 0.6487352671 1.2432313232
0.0912099307 0.7798862084 0.0235877186
0.1985686524 1.2563374071 0.4458515176
-0.6909574493 0.0294479280 0.4237423051
0.9642419084 -0.8415372416 0.1546690226
1.1835674504 -1.3467366503 -0.4463807511
-0.9217024514 -0.1935223135 0.4895040243
-0.6430985925 -1.6162952917 1.5307212471
-1.1557367808 -0.1408492384 0.8981137858
1.1463017560 1.0543333707 -0.1724184905
-0.3778702199 2.0406992039 -0.5906380755
-2.0934711665 1.1320307026 -2.1361930718
0.5801870913 -0.9308562861 -0.4808105522
-1.7416975725 0.0198700592 1.0319982972
-0.1819637240 -1.8043277244 -0.1960081134
-0.6316571331 0.5460699407 0.7473578415
0.0659614846 1.3061349150 -1.8239640968
-0.1840011235 -0.6109801713 0.5613984438
0.2034825696 -0.1391637851 0.2314318711
-0.1047859826 -0.0032393577 -1.1313400998
0.9289218374 -0.8171106672 0.6299396423
1.3453587655 0.7105410404 0.4557767178
0.4420689751 -0.5394186002 -0.7171040061
1.1502099226 -2.3591583195 0.1262394846
0.4199756506 0.0917816875 1.0646788515
0.2788100862 0.7936926225 0.4977028330
-0.1098170015 -0.6153621712 0.1714036681
-0.4034603011 1.7292186922 0.9106479837
0.3001420102 0.2475424615 -1.0576367999
1.3366083160 2.0207713168 0.4168376874
0.1121532408 0.6044358941 0.7373413670
-0.1035272385 1.4921565027 -0.4010234659
-1.4053682051 0.3579740570 -0.6985080407
1.3388839912 0.3660221733 0.3543309538
1.8305689471 1.3443563969 -0.1210507287
-0.2675279091 0.9022783083 1.4167355247
-0.9257020860 -0.3354881577 0.7419825471
0.3377875526 -0.7086202908 1.0262483050
-0.5953152256 0.6133095197 -1.7093233699
-0.4983436736 0.3771220915 -1.1044894192
-0.6571629251 -0.8709207225 1.2717559991
2.0231831073 -1.4328709918 0.9412234687
0.2985788694 0.2085202076 0.4489209167
-0.3239506456 -0.4101222457 0.2753891191
0.1247788068 -0.7864976509 -0.9983755672
-1.0679497807 -1.3449436622 -0.3647651557
0.1080400292 -0.4690100974 0.0715313417
-0.1384227464 -1.9403820734 -0.8563952068
1.1981463153 0.9139233301 0.3503345246
0.4558912140 0.1630323706 -1.1051300869
1.3151963118 1.2752684450 -1.4652372069
1.2787194341 1.0501965226 0.1312429041
-1.5433195898 0.7493786394 0.5320567294
1.5118737333 -0.4518818016 0.5881321106
-0.3897821983 0.7674821075 1.0636901868
0.6051146250 0.1653922029 0.5823441514
0.3920076712 -0.2171933971 0.6139933313
-0.3672012908 -0.1865549829 0.1247012907
0.7071971009 -2.1305679092 -0.5288555332
-0.5304069373 1.7245684639 0.2901928689
-1.6945952127 -0.1893039548 0.2662355160
-1.4180879191 -0.3589782602 0.5055472724
0.2666354745 1.9148373939 -0.8506322780
-0.7871505861 0.3889700857 -1.4795179836
0.6273804058 -0.8310174375 -1.0955750682
-0.6611445429 -0.4440976687 -0.6795953344
-1.4180001635 0.9160734460 -0.7036279564
-0.4553135060 -1.9919661252 -1.3934201316
0.5146848047 0.2613514228 1.3067710662
-0.0145928928 -0.5614149968 2.4009834908
-0.0798343064 -0.4128927768 1.2240538529
0.7053448103 -0.4170962035 1.5487285688
1.4101495106 -0.4716674627 -0.6127531497
-0.0913519169 2.0940828592 -1.4460897149
-0.9636674662 -1.0163406441 -0.5835492213
1.1113102180 0.5896016327 -2.4085891881
-1.1141587419 -0.6122841250 -0.1068742325
-0.9562084956 -0.4853911459 -0.8068702729
0.6175914396 0.2403399087 -1.8767132691
-0.6607336354 -0.0391772809 0.5061815138
0.8568411585 0.4902890430 -0.0119771010
-0.4302227770 -2.2509997656 0.2209240831
-1.0769485161 -0.3104251218 0.0082321126
-0.8458851716 -0.1757911214 -0.5593192799
-0.0671772147 -0.7774204990 -0.2407744599
-0.0940408603 -0.2192766600 1.0866724659
-0.3050196833 -2.1945214533 -2.8235183817
0.1970481918 -0.2925225217 -2.1708582120
1.7000226176 -0.2758955630 0.7125765174
0.7646526377 1.6579058503 -1.9524331039
1.9095356861 -0.3214133893 -0.6254860934
0.5334308491 0.9732113386 1.6216783374
0.6234946988 -0.7113887460 0.3922878218
-1.5765940877 -0.6162331515 -0.1371569931
0.9200998626 -1.3131222514 -1.3924582163
-0.7676510166 1.4107448820 0.9412652201
-0.1449588737 -1.2557855081 -0.0729637470
1.0064976436 -1.2289492925 0.1335778490
-1.0769083697 0.9718583781 -0.4039864792
-0.0306892810 0.0464467668 -1.6831827279
0.5971735114 -1.1094399819 -0.0318036230
0.5037078903 -0.8496918706 1.7416795836
1.1654003480 -0.5059813630 1.2076419715
0.8872420149 -1.6633311726 -0.8254264603
0.8079548423 -0.8148378921 0.1221227423
0.1839542354 -0.9325212179 0.3765076791
-0.8422851116 -0.8778183010 1.6730731138
-0.5524186956 -0.6118046399 0.3110232523
-1.5298534659 0.5522302963 0.3120936540
-1.4664735495 0.9566126069 -1.4637988658
0.0586696974 -1.4102529986 -0.8235329249
0.4358240672 -0.6861511150 0.3675257522
0.0498516090 -1.9696869451 -0.8334154474
-0.9487640880 -1.3776634997 -0.6845905150
-0.4693812819 -1.1340672500 -0.1954292053
-0.7652632280 0.2229372351 0.0364327831
-0.4407542237 0.0621799523 -0.5646873537
0.8104115390 -1.5690362634 0.8918011274
-0.2595804314 -0.2475004383 1.9952572379
-0.5079496720 0.8752825846 -0.1122785578
-0.5562382629 0.2041811915 0.6505529990
-0.6804244875 1.2129654794 2.2773695328
-0.4365215804 1.4409631540 0.7392107534
0.5230721768 -0.7496877893 0.3937188639
-0.4444532045 -0.1762356096 -0.4030914234
0.0416419862 -2.4562685811 1.1032441636
-0.4753949364 0.8849300732 1.4492510504
1.9641952232 -0.8782200064 -0.0556990483
0.9095366310 1.1680263753 0.8100571380
-0.7091652762 0.0956079161 -1.0411007246
0.1251790529 0.2611754539 -0.8914298316
0.7953848319 -0.0676421328 0.5435920108
0.7759537020 -1.1221091757 0.2455359594
-1.0107284753 0.2074543206 -1.2645492953
0.3934803360 0.9671074559 -0.6537381174
-0.3187131574 0.6243343336 1.4328632063
-0.8904859177 0.1403085348 0.4906960754
-0.2616641954 -0.1563855476 -1.7208767956
1.0776223150 -0.9909800978 -0.2402949665
-0.2892467483 -0.9712340428 -0.2852619956
0.7838873034 0.0313734669 0.4196892722
0.1229671008 0.3778389216 -0.1455144162
-0.3279992160 1.6733180930 0.4397616750
0.1207288117 -0.0222271981 -1.7873083778
1.0074242038 -0.1218823381 -0.3392660555
0.5513629292 -1.2121063383 -0.1109145892
-1.1032748128 0.8050608051 -1.1136852306
-0.5908547274 -0.6259896080 -0.7690097148
-1.6677174915 -0.2344431175 1.2193855034
0.2355514632 0.7020069336 -0.6977225119
0.9841318233 0.3434804976 -1.0753231294
-0.2012238170 -0.9009828243 1.0189492299
0.5946715474 -0.1955960097 2.2844703924
-0.1626796440 1.0295790800 0.5477079944
-1.3601167783 -0.4397515341 -0.1785813937
0.2103565820 -0.8701186102 0.3665343331
-0.6973459265 0.5573585724 0.7083264483
0.1330051944 1.1715784655 -0.2016121924
0.2149009866 0.9198724689 -1.0659925617
0.5537763499 -1.7941736402 0.4036584832
0.2451721066 -0.9535075943 1.3027902641
0.2597331070 0.9120227623 -0.6746094535
-0.8065376349 0.4822082878 -1.3235889667
-1.5360092246 0.0820526956 -0.1516205875
-0.6583864879 -1.0267591739 -0.6701413247
-1.5052549874 0.1148860606 0.6896082895
3.2347510555 1.0433769058 0.5780365452
0.2533686881 -0.7375477958 -0.0328818295
-0.8618954616 -0.2967963239 -0.4898897469
-0.9023257055 -0.9832697138 -0.6675637143
-1.5907915367 -0.2962229512 -0.2809837418
-0.3440481095 -2.0282162045 0.8437476162
-0.6092375870 0.9180651344 0.9144663739
0.4110061754 0.5889512308 0.4598173682
-2.2518016491 -0.9926894034 0.4975812886
-0.3811413606 -0.4583179948 -0.4276436902
-2.2205855061 -0.7345142460 0.2896662393
-1.8534756981 0.3005287337 -1.2057060088
0.0925726684 -1.5682717121 2.9106349075
-1.0390033763 -2.3822084410 0.8174113386
0.0318726158 -1.1465635638 -0.2636119746
-0.1984063892 -0.6229021892 -0.9457157608
0.0563199918 -0.4442970477 -1.0663105702
-0.5459297190 -0.1225740656 -0.6255391927
0.8677811590 -0.7680487392 0.1271231511
0.5316303568 0.2045471792 -0.5224745015
0.1695793666 1.7483650592 -1.3417637864
-0.7137411012 -0.0662389370 -1.5720940273
0.4157884043 2.5978391467 -0.0445999970
0.3638261315 0.3580336347 0.1218885384
-0.8200665525 0.3349097041 -1.3788406485
0.2181159939 1.0633350661 0.6637399694
-0.0537382752 1.8583309962 1.6470191171
1.1940121085 -0.7623197017 -0.4837362673
0.2277077133 0.8054842591 0.2403444817
-0.9886771440 0.8953160839 0.2854001334
-0.3191585797 -0.4727824222 0.6857694039
0.9944048216 -0.0369462337 -0.2261727896
0.7616468072 0.4945738525 -0.2282629753
1.4744684252 -0.4412713171 0.9757813267
0.4956360529 -0.9552236317 0.7347175851
-0.7564986027 -0.1450093857 0.3034340126
0.6812918366 -0.8344643657 -1.2908470981
-0.0990267623 0.0968318024 0.0174641566
0.2672755218 0.1246685516 0.7132052861
1.4355039457 -0.4844044711 0.1742370914
-0.7000337818 -2.2041406667 0.1550475820
0.5485972677 0.7959195222 1.7312880030
1.5677195731 0.3867041501 0.7213783246
1.2827978340 -1.9730894636 -0.9384717713
0.7489021821 1.6875035622 -0.0477081779
0.1809821495 0.9314148102 0.6911064664
-0.0182027929 -0.2375751136 0.0069077006
-0.3957291002 -0.8402913391 -1.1418096210
0.2352844641 0.6578030655 -0.7522408447
-0.1900924108 -0.1644261516 -1.9303480460
-1.1420303439 0.5897470179 0.1175006005
0.0662589967 0.6482109146 0.0250744587
0.8460849770 1.3642240149 0.4523628070
0.4110132406 -0.0091881220 0.7897139645
0.9736367060 -0.0528786253 0.6997832239
-0.3965578143 -2.1433451804 2.3369345276
0.5211541436 -0.5338241348 -0.6049365367
0.6902786547 0.0288526713 0.4328281299
-0.5843754367 1.3440197638 -0.4918927807
-1.7489159588 -0.9431175804 0.4211373099
-0.8740491346 -1.8914923183 -0.5873751262
1.1612142360 0.2539696034 -0.7999195580
1.2104656632 -0.3079412985 -0.6420551202
-1.0022983166 -0.4206058994 -0.6634126612
