-0.5163353784 -1.3058302173
0.9728366723 -0.1482419175
-0.1373698372 0.4916955044
0.4820920181 -0.3527260878
1.1499264478 0.4706517668
-0.4386905600 -1.5627296685
-1.5152435342 1.7269962872
-1.2414537542 0.1267276582
-0.1394414212 -0.6250331899
-1.5921190346 1.1483793256
0.6684010702 0.1626318882
-0.1907400261 0.2985035359
-0.5634149281 0.5422729324
-0.5434589580 -0.5520309322
-2.6904753425 0.3748052342
0.1586249947 0.0339804313
-1.9464215901 1.1707772567
-0.3301077760 -0.2066750135
-0.0606342049 -0.9741277440
0.8048899892 -1.0831838771
-0.1206140022 0.7752061201
-1.3848009900 0.7654847071
2.9706689151 1.5246996126
-0.0849371550 1.5776894606
0.0989389344 -1.2820781040
0.4449206584 1.0741427016
-0.8084613788 -0.7357400665
0.7058578371 0.6389580891
0.1321041187 0.3466611466
-0.2975758851 0.2444535644
-0.9115282544 -0.7427641745
1.4671850384 0.3366637222
-0.3533272423 -1.6611753129
1.2087762591 0.2287929891
-1.2062843528 0.4694070563
0.5827356206 -0.4255025923
-1.1587689286 0.2695039187
0.3183385742 0.3552423016
-1.0118646572 0.6792758377
0.6820941446 -1.1999509151
-0.6348778920 -0.0084895758
-0.8295572469 0.4259787281
-2.6726068815 0.0807259461
-0.8572886801 0.3576617591
0.1149865644 -0.9334221835
-0.5804504366 -0.7814563788
0.0289162874 0.4032724629
0.3452953420 -1.3733116088
0.0872474788 -0.8235220562
-0.3370495108 -2.1324563405
-0.4251790155 1.6811916015
-2.1419615095 0.3556710359
-1.4012093116 2.1293519236
-1.7529386550 -0.7161348126
0.6220282037 0.7610093761
-1.3859502377 0.3296065521
-1.4608364976 1.0688351731
1.7290050371 -1.9705178952
1.8943402260 1.4424328046
-0.8359109348 1.0658921202
-0.1951595780 0.0675371738
0.1220372504 -0.4333177057
-0.1437079045 -0.9808212943
0.5727414643 -0.8520781963
-1.5838176845 -0.8040364884
-2.5515259774 -0.4040888966
-0.9711970024 1.1810795459
-1.4937292503 2.0594455564
-0.0192844273 -0.3072710155
0.2603249533 0.5165572016
-1.3962686105 2.0215675922
0.5616559590 -0.8067725032
0.4941487107 -0.5712070010
-1.0164993201 1.3880125247
0.0974664217 1.5391485081
1.1608679349 -0.7921889482
-0.5946304353 0.0239178626
-0.0023311590 0.3979279944
-1.1931680322 0.0651396871
0.0863147112 0.1414210450
2.0191945809 0.2173150765
0.1427512197 1.2443158744
-0.2852887118 1.6358110111
1.3711831853 -2.4001018126
0.8025497066 0.5478077655
1.7322968554 0.6337931997
-1.2782403343 1.0217596524
-1.1627058875 -0.2812949336
0.9193293046 -2.0558758917
0.5746009825 0.4401326561
-0.4107201803 -0.1330144385
-1.4530707280 -0.2426735603
-1.4953798548 0.3262802316
0.4935506501 -1.1919038711
-0.9278109103 -1.0307405506
-0.3835119034 -0.3760031506
1.1343211410 -0.4944023216
-1.0232087696 0.0000501417
0.5089606101 -0.3682026629
-0.6095786562 -1.2661223518
-1.2149902089 0.2385975796
1.5705548940 -0.6735519540
0.2888587645 0.3260008600
0.1630002420 -0.3810024417
-0.4255829122 2.4526070049
-1.6752695420 0.2972446275
0.7710109071 0.4683483169
-1.3480340603 -0.4136386088
0.2201990305 1.4908693432
1.0822187280 1.3800529438
-0.6988538655 1.0253762643
0.5892369445 1.2275422639
-0.1920795662 -0.2675600543
0.5437574464 -1.0726856893
-0.3347663198 -0.2465868463
-0.2190120987 -0.6134376752
-1.4556089608 0.4703421042
1.2608414859 0.9326896483
-0.2793172970 0.9846891152
-0.8874696347 -0.9259304871
0.4028541452 0.4610707954
-0.7775836370 -0.2614424104
-0.6121903372 0.7123705103
0.3125786308 -0.8961389382
-1.3736530954 -0.4750375203
-0.7692588955 0.9128993510
1.4282924862 -0.2788725246
-0.9115682011 1.3656179691
-0.0387300189 0.5517401011
1.3627629088 0.5776027519
-0.7997521570 -1.8042010215
0.9224326068 0.2066273383
-0.1469208334 0.0205576615
-0.4979032885 -1.9150955453
0.0671931379 -0.3398814316
-0.7434163179 -0.5292954920
-0.1818497858 -0.4666132033
-0.8506946071 -1.0970002399
1.8241607981 -1.5437470810
-0.2692489178 -0.0811074196
-0.4884557281 1.4362906396
0.2087357222 -1.1779998504
-0.7142982162 0.1233358090
-0.0092203319 1.6395871583
-1.6642167675 -1.7531757068
-2.0586670054 -0.7033085851
-1.0229357591 1.0828960562
1.2685539550 -0.0001789640
-0.9061977077 0.3238747440
-0.9900516965 0.5469273577
-0.0552168722 1.2600815547
-1.2423696382 0.1941265347
0.4472419069 1.4836811633
0.1293507888 -0.4875001206
-0.3773539251 1.2805613555
0.9478210365 0.4787585230
1.5361162967 0.0468379135
-0.4708733356 -0.2173716965
1.1671260310 -0.1088845962
-0.6880578474 0.8723731367
1.4524053415 -0.3818336954
0.5200131240 1.3643725825
1.1254657564 0.3288305141
-0.8849122397 -0.4856143463
-0.3921037553 0.7514713090
1.7357691592 -1.3286052690
1.7008558324 0.3893547503
0.8174688122 0.4743349075
-0.0339470092 0.1017628922
-1.2430265345 0.2286943840
0.0313727869 0.9105514472
0.9522113254 -0.2193402870
0.8980088462 -2.4838470764
-0.6619801353 0.0634223846
0.8064217538 -1.1018474409
-0.5553453663 -0.8527012166
0.3611089063 1.6323433671
-0.4796171840 1.2603472000
-1.1518374124 -0.1403566607
0.1938519243 -1.1541699114
-0.5619023624 -1.1187777724
-0.6792354576 -1.5832252751
0.0203138334 -1.1195763215
0.2864379077 0.3838823468
-1.6456355433 0.8518463149
-0.3051379070 -1.0545003810
-0.4412560905 -0.5804065811
0.1794692486 0.1597102900
-0.2968506041 -0.2127919929
-1.0144114667 -0.7516070818
0.0862836664 0.4764169840
0.2825189755 0.0354095394
1.1775304256 -0.8906661802
1.2743994459 0.8398272971
-0.6147161847 0.3377252837
-0.2824991708 1.3623356303
-0.0511476828 0.1505164359
-1.3335616258 1.0232730355
0.0773253307 -0.4376474629
0.0160859366 1.2631572582
0.9093396747 -0.2538737570
0.6701609052 -0.6313669678
-0.2395184023 0.5241612305
1.5560884174 -0.7513679953
-0.3979044835 1.3499185745
1.6226918189 -0.1297614999
0.3379342581 1.0051307681
-0.9480249089 -0.1295169582
0.8625565569 0.2810650162
-0.3037864142 0.0671588047
0.1072608360 1.7487668525
-0.5198528455 -0.0373466046
-1.0058846814 0.9518640322
-0.3104904126 -0.0021403266
-1.2371969357 -0.6400201623
-1.5639440298 -0.2141078740
-2.0528639700 0.0728187472
2.3673968158 -1.1579418540
0.7672040353 -0.4474151034
1.6095918191 0.3761593084
-2.1474072013 -1.9096490213
-0.4570598982 0.7558776992
-1.4868603714 0.5665205274
-0.0029099588 -1.8232166292
-0.7383177493 -1.6729093834
-0.7382004246 1.2185889459
0.0085120213 1.0563892883
-0.9376182982 0.8098637244
0.9795705924 0.2980637064
0.5814416708 -0.3160117147
1.2241418124 -0.5104433488
0.8651412031 -1.2594236915
-0.7172354832 -0.6388979027
1.1366540551 -0.3311425150
-2.0927637463 0.0699338178
0.9824523704 -0.0248195186
-0.2907790434 0.1339657851
1.5092161771 0.7001549267
-0.5731609838 -0.0954682879
0.3220501186 0.4996638942
0.2684590317 0.6964410382
-1.2873538429 -1.3856091966
0.2734981397 0.8174257238
-0.9086237252 0.4552813175
0.9812791738 -0.0577565859
-1.8174792222 1.8593338942
0.6119304263 -0.2165858108
-0.9897090586 0.0429047938
-1.1552671831 -0.4804131324
0.4494366564 0.6043159698
0.2438051165 1.8392976813
-0.7088964564 0.1436439753
-1.0063148991 -0.7082081317
1.1052705200 -0.7916697087
0.2344179430 -0.0320280128
0.9355754468 -0.2822241299
-0.2280482174 -3.3980091264
0.8627783587 -0.4838133899
-0.4696023171 0.0343478002
-1.4195937958 -2.2918448092
1.1620320721 -0.7840292958
0.0899087997 -0.4323530432
-1.4787751361 -0.1711624953
-1.6925303933 -1.0481791762
-0.5490347931 -0.5365799211
1.8903388244 -0.3532365964
-0.3241486299 1.5303080502
-1.1645957718 1.7962466936
-0.1011870175 -1.1108517750
-0.6763914111 -1.1676871750
-0.4308465205 0.1172905226
0.0534283336 -2.0473191290
0.7940447518 0.8321986071
-0.5703730291 -0.3841446753
-0.7086779185 -1.3107167249
0.6039372991 -0.2544414843
0.9468796478 -1.6808929524
0.2488086290 0.2134168865
0.8284037950 0.1387835935
0.5726441878 -0.5809604862
2.4936140978 -0.1166724089
1.3330708254 -0.8846633870
0.9774813414 0.4560312779
-1.7266992543 -0.5307113759
-0.5998977015 -1.0862731925
0.4117140814 -2.0893679626
-0.1962262642 0.9619729836
-0.0153536887 -1.0455420985
-0.5327617576 -1.0140238561
0.8932262249 -1.1509127212
1.1027362321 0.5606286432
0.7054669270 -1.5600075098
0.1010994431 0.3655933687
-0.2646784990 -0.1501867383
0.3274952846 -1.8767106350
-1.2916882714 0.0214929914
-0.1298325493 -0.9543848031
0.6737741963 0.4624941461
0.1777637547 0.0802254876
1.6407370768 -0.1317702432
1.2817456471 -0.7227676698
0.0277151268 -1.1394566429
-1.5182560640 0.3214413993
0.0995079889 -0.0634575408
0.6565831989 -0.2368410770
-0.9108277260 0.0913671013
-0.4488165069 -0.4776736491
0.7057863462 0.0029111258
0.3949934201 -1.5393841264
-1.2919645423 -1.8855115984
0.2042830746 0.2977511091
0.4118417094 0.6851705007
0.7373770752 -0.7847145403
-0.8440423853 -1.0113383841
-2.5288357983 -0.9512000056
0.0060833628 0.2505429783
-0.5009571275 0.5968464005
-0.2960177159 -0.3652546842
-1.2314730470 1.5222055453
-0.5815619293 -1.4016958071
0.6295607932 -0.2139159503
-0.5128579860 -0.6482338067
0.6787125248 0.9029196160
0.8849522086 2.1082036576
-0.3654527823 -0.2385210258
-0.2178421687 0.2880536863
1.6419524417 -0.0017903043
-0.0032053390 -1.5030309502
-0.3903110812 -0.3163219549
0.5528154578 -0.6144193706
-0.9328992565 -1.6856377580
-0.9085049056 1.5538230150
-1.1982784414 -1.1931286241
0.4993186320 -0.0572454660
0.9999146767 0.9427101856
-1.0110922848 -0.8130984451
-1.6405488611 1.3880289103
1.2801139664 -0.6292417541
-0.7381958963 -0.0321015487
-0.1182240900 1.0584254601
1.5203155635 -0.7019149426
0.6894298088 1.6033418523
0.3798939793 0.2281670511
0.5404962115 -0.9811303961
0.1558683607 -1.1713406887
-1.2405759759 0.0966841871
0.8223433905 -0.7477287522
0.4229132652 0.2279724813
0.4998262567 -0.1584495402
-0.7386202284 -0.3158132196
0.0615455374 -1.1683270037
0.3119247022 -0.5562166587
-0.4973443571 -0.4428556783
-1.9279772470 -1.7299743750
1.8384202400 0.3086109926
0.6898294416 -0.0058358751
1.9308845426 1.1300730646
1.7767200441 0.3785319339
0.9047077390 0.6394474132
-0.1237812416 -1.0834228911
1.5429767652 1.6610432352
-0.9548240249 -0.0787862709
-0.3527743077 0.4513249666
1.4930127161 -1.1730816878
-1.0440780986 -1.7980507467
1.1124643359 1.8955852539
0.0183296117 1.7173374866
0.9206537182 0.6798350822
1.0680797531 1.4264769688
-0.7148263334 0.2856585228
1.4626318246 0.0597104485
2.1185257548 1.5543643028
-1.8741740018 0.1744170107
-1.4731048437 -0.3766595111
-1.9984064704 -0.9936373967
-0.8847892607 1.7926834601
0.2342016949 -1.4621108168
-0.5736079563 -0.5505381421
0.3033093384 -1.0256873938
1.3065946313 1.7242102543
-0.5496332076 -0.5370978106
0.1792181542 -0.2325993612
0.8656382515 -0.9536130203
-0.4290880143 0.4331178211
0.4939367775 2.3751511081
1.8042149368 0.3253895079
1.1754722541 -1.2090950304
1.0401757512 0.3848278593
-1.1843242269 0.4026035114
1.2581869612 0.7865359846
-0.0474513717 0.2130121622
0.5960192750 -0.0078990868
3.6483014320 0.7809747554
0.1172297347 1.8534265708
0.8987797354 0.6135751665
0.7491301246 -1.2898850244
-1.4751537666 1.8060239551
-1.2070178605 -0.2883039728
-0.5144896036 1.3475652417
-0.5820903362 0.5675603729
0.1438272715 -1.1527595176
-0.4432592080 0.1415171205
0.9652168903 1.4994079409
1.9057777003 -0.5506712992
0.4893545085 0.3592265525
1.1302389437 -0.1674380203
1.3779572956 -2.1887289009
0.6493290359 -0.0330102654
-0.8828523214 -0.0964554223
-1.0594296851 0.3488614553
-1.2188602167 0.0629567541
1.3407485943 -0.8662059553
0.7794123281 -0.1831714132
-0.7225260911 1.0782800673
0.3047059376 -0.1221159760
0.1741266519 -0.2241293649
-0.7705819152 1.2792509225
-1.1190612142 1.2533338831
-0.5531255397 -0.4786478633
1.2494062210 -1.8421810117
0.9694375961 0.0349420935
0.8370122413 1.8993994766
0.5632237535 0.6009893541
-0.4091937697 -0.6157292962
-0.0366945958 -1.6267781956
-0.5455768732 -1.4269080904
-0.3873045729 -0.5824187992
0.3867347375 0.0449799719
0.1483815545 0.0665376751
-0.7678924542 -1.8554826288
-1.1480087729 -0.8473382424
0.4192554728 -0.8467275991
1.1211160647 0.1917550222
-0.0147947927 -1.2280656231
0.3983206016 -0.7711202824
1.3429089639 0.7615721573
-0.0449828985 -1.6621704354
-1.1552657900 -1.6316006097
-0.2100317649 0.1473562493
-0.5992527103 -0.4432816929
-0.0417768457 1.3701902455
1.5101550675 0.0842850399
0.0053060999 -2.1259508082
0.5752588398 -1.5540308168
-0.4702707676 -1.8830874722
-0.9911751750 -0.7249758604
0.3532770604 1.9664837791
-0.8384940871 -1.7443575529
3.1092224214 -1.5276956061
1.8851655097 0.5606825187
-2.2475669480 -0.0014659202
1.3653605649 0.0271032207
1.1076223695 0.4337233662
-0.1236714882 0.1665899923
-0.4781145826 -1.3544267673
0.3732985479 -0.8581609237
-0.9033933842 -1.1005997104
1.8414157569 -0.6311373764
1.2397906007 -0.7377984401
-1.0022172581 -1.3590604054
1.1203897984 0.1230730544
-0.3273263806 0.3859785255
-2.0116181641 -0.6325309289
0.0668942747 -0.6174995906
-0.4624494859 -1.6911103056
-1.6811005044 0.5403643393
0.5124587283 -0.0922821138
0.8040954349 1.7640946523
0.4819517943 -0.1532296717
0.3350853388 0.3931363030
-0.6916916548 -0.8174388966
0.5593169351 1.0657466289
-0.2468967193 0.7075566084
0.0579138821 1.1138858063
-1.4060849058 0.9080453750
0.0737092727 0.1755783283
-0.5256088494 -1.2530350960
0.4062064149 -0.7585373841
-0.6402626756 -1.0732489219
0.5665726683 0.7972060041
0.7605631263 0.9417813443
1.1918947561 -0.5393184110
0.1936017454 0.2938323382
0.2118632810 -0.1065941790
-0.5196707263 -0.9921002204
-0.4905283587 0.0633966722
0.3644078975 0.7014917886
1.0814835437 1.0625177346
0.1779297881 -1.4061823934
-0.8572628417 0.5321175075
-0.2816237437 -1.9459967828
-0.0854030278 0.5294357862
-0.3964921557 -0.4161028581
0.1056508891 -0.3243013167
-0.7943643111 -0.8802053884
-2.7577458376 0.0462377552
1.0051462484 -0.3541288051
0.9689021326 -0.6270423505
0.1566324659 1.7069032638
0.0530954310 0.8112663248
-0.6947413253 -0.4743743571
0.3877441390 1.6682106562
-1.9719545411 -1.7515389707
0.8414829146 0.4307371748
0.5194825944 0.2634854137
-0.8590480608 -1.4336848119
-0.5165494049 1.0589742041
-0.0387601377 0.2580901304
-2.4145252192 -0.3612392462
-1.6579424605 0.4198925376
1.6951435762 -0.2343368667
-0.7015529284 0.5854133188
-1.0875376652 0.5349693156
0.9748919257 0.5708567607
0.1394896641 0.9912554816
0.0160923586 0.9317961769
0.0508022056 -0.4773497584
0.5421127449 -0.7347046462
-0.1997399129 -1.3136712689
-0.6660519693 -0.0553366511
-1.6472610364 -1.0415368161
-0.4562314989 0.4878921143
0.3737500063 -0.6887092104
0.6159025058 0.5949882755
0.4809281961 0.9579475565
0.3988942986 -0.9404711438
-0.1452008799 0.2720045443
1.4089111309 -0.7789322458
-0.4461285834 -0.4984253482
-1.9829211636 -1.0757582130
0.4259388031 -0.0752394112
-1.1404701308 -0.3380164926
0.5188079621 -0.8883681320
-0.1322918687 -1.4286902894
-0.6594030452 0.4153650750
1.2045045887 -0.1111182443
-0.7296542759 -0.5439210348
-0.9658034973 -0.3577157631
-0.9238620634 -0.6767476363
-0.6615846896 0.5679459152
-0.7690442380 -0.2423591075
-0.2647528344 -1.7083691115
-0.0965424204 0.7430624814
-0.0115788393 0.4735081918
-1.1748655661 -2.6046648770
-3.3962937774 0.1855302544
1.5818467177 -0.0749978278
-0.4196242048 -1.0535767329
-0.1974496365 -0.8798680556
1.3277893781 1.8427398645
0.7696781225 -0.1420392598
-0.4245040040 1.4486078208
0.4402641747 -0.2834631761
1.1523485133 1.4182470611
-0.0137266723 -0.4741825229
-0.6660192099 0.8572432203
-0.1403719369 0.2960339009
-0.0117744853 0.4958747718
0.5459551463 0.3032548750
-0.3956950590 0.1722413261
2.5879492623 -0.1976300618
-0.3514343091 -0.1220950096
0.2963175046 -0.1893895204
-1.8149923228 -0.6168677768
-0.3096175036 -0.5199347376
-0.6200499256 -0.9125689449
1.2250043215 -2.5092772819
0.8684723362 -1.0051721519
0.0799592415 -0.6811078030
-1.1089638759 2.8481985749
2.0481771889 -0.6006834022
-0.6541641478 0.3645605864
0.9388192802 -1.0136644173
0.2656688683 0.5651669983
0.3074593272 1.8798090925
-0.1881814749 0.3712152707
0.3927448712 -0.4580715623
0.7085617705 -0.0960445413
-0.0385856459 0.7066297882
1.7668620848 -0.6408178433
1.0814918078 0.5094478082
0.8033869130 0.0856215300
1.6469451661 -0.6934253358
-0.8835111605 1.8708087112
-1.4118644869 0.5843084492
-0.1127527218 -0.2795226911
-0.1729048030 -0.5818233902
-1.1720942466 0.0818341488
0.1076319973 1.7315476344
-0.3139908972 -0.2203262622
-0.1850836503 -2.2032905405
0.8389227234 -0.1664887939
-0.7511150994 -1.7083240277
-0.7718126598 -0.3450383804
-1.3711788118 0.0946832627
1.8212425311 -0.2916858481
-0.8309954770 -0.6983681980
-1.9775223794 -0.5616408553
2.4409708614 -0.7772668737
0.9308614080 0.2245516328
0.2089491563 -1.3515171425
1.5558615953 0.1414978554
0.1234603596 -1.3875723793
-0.9544931752 0.5534946860
1.0673116355 -0.3772799810
0.0934061840 1.1000757579
0.6352998668 -0.6378650881
0.3682781973 0.3957209779
0.1053629639 0.4548853789
-0.9993654796 0.8717779900
0.3877973153 -0.7255027762
0.8936040750 -0.2250422492
1.3380497780 0.1838029476
0.6829458631 1.6056735412
0.2619065396 0.2477827988
0.2502729490 -1.6556707543
0.0781721637 1.9132751174
-1.2861721735 0.9767157813
-0.1169481395 0.0718878212
-0.4925812403 0.1420939369
0.9022903184 0.5237354150
-0.3796217554 0.2060920845
1.0678604987 -0.8118459232
1.0054852289 0.0077530771
-0.1975921858 1.0919264148
0.4102960501 -1.8120620452
-0.9350409518 0.4759136716
-0.3394309118 -1.2948139558
1.4202337049 1.0341823243
1.1145378767 1.2994108148
0.0877497308 0.5875685741
0.8666274402 0.6523745151
-0.8815231840 -0.5112753191
0.7237755486 0.1015402762
0.7643544689 0.2624551138
-0.0752189451 -0.2018605622
0.1825433404 -0.2668627026
-0.4815199963 0.0564576304
-0.3161631830 -0.6212505626
-1.2802671626 -0.9234341131
2.0602767913 -0.8694286545
0.3085346428 -0.9106076638
0.1992905222 -0.6780581839
-2.3523748997 0.6388165588
2.0197019571 0.0181261041
0.1852846140 0.8365967210
1.4477554345 0.9092992102
-0.9687390030 0.9849923890
0.0197651654 -0.1866959992
-0.8925277763 1.9092292968
-2.9353392674 -1.8024966356
-0.2101464918 0.8406786401
0.9809599304 -1.4212805176
-0.2457832366 -2.0190586838
-0.5198644370 -2.4261745006
-1.4959026476 -2.9688359110
1.4879942992 0.5587726090
-0.4453762427 -0.0238079283
2.0705125798 0.3136745930
-0.8657882882 -1.3507851402
-1.4658750733 1.3008664295
0.9900328187 0.4757274723
-1.5450710655 -2.0272325382
0.6076092238 -0.6665888494
0.6495270276 -0.6048891699
0.0086915411 -1.4402163676
1.6062050732 -0.1984706474
1.2959128195 1.5906989791
-0.5698178537 -0.2726885241
-0.0708571362 1.4768080388
-0.6776234693 -1.0208848661
-0.6859133096 1.8490934469
0.3465560280 -1.4168613384
0.9860632792 1.6026518598
-2.0990036765 0.0200312231
-0.2013368083 -0.1801866384
0.0094105920 -0.8939365415
1.5066349894 0.1531183732
-0.6125989820 1.5802762757
-1.0093386861 1.2112342540
0.9743229229 -0.2094180211
0.5075548713 2.6342647382
-0.4855233525 -1.1765319648
-2.1416431031 -1.1501601634
1.0552377195 1.6437792328
-2.1218241139 1.5550018430
0.5522464811 -0.2533777838
-0.9061751659 -1.0461873307
0.3110089831 0.9297466495
0.0676496109 -0.1240258741
-0.5695781290 -0.7668876123
1.9058407735 1.2411066716
-2.0912710584 -0.3671809059
0.2818374199 0.6019180145
-0.9035645255 -1.6391187408
-0.5669493664 0.9515789902
-0.9781692669 0.5742607021
0.8671673501 -0.4774219773
1.6378781720 -0.6357571701
1.0468229909 0.1328182756
1.5857154902 0.1194101530
-0.5541502146 0.9072412967
-1.3874616034 0.2727510058
-2.3357786558 -1.6821279589
0.9019758184 -0.3428242219
0.3808631167 -0.6585751677
-1.6789811439 0.3631276120
-2.8423995050 0.3728853821
-0.8198955565 -0.2465076851
0.5168758587 0.7257309998
0.0353923806 0.3127744700
-1.7197577913 1.5204030722
-0.0719123077 2.0774012008
0.0439696527 -1.7037169805
0.3919248985 -2.5559968316
0.5732837732 0.7186380242
-0.1966367437 -0.0814632690
1.1383292614 0.3541140019
0.6715765786 0.0207432223
-2.3198248346 1.1214239173
0.6796255610 0.0472282371
-0.3134930234 -0.0813724506
0.1698289417 0.2023276884
0.4166203177 0.5176802370
-1.1257261270 -0.6162945377
0.9146201602 1.0511641662
-1.1295437039 -0.1970412976
-0.8961809890 -0.6524942813
-0.4261820254 -0.3931523179
-0.7027713857 -0.4681393421
0.6324459312 -0.7694631705
-0.5256983334 -0.4023234076
-0.4336627046 -0.6670389468
-1.3936642964 -0.7717301074
-1.1363988016 0.3961990063
-0.5408264487 -0.1950705776
-0.6782380204 0.7251234090
-0.9868150855 -0.6011970171
1.1982959125 -0.6290621940
1.3468856576 -1.5053396466
2.1551803869 0.1950505988
-0.6624793253 -0.5578274883
0.5036758523 -1.3175742641
-0.5917268715 0.2575576583
-1.0082124577 0.4088654071
0.0327176742 -0.8201233212
-0.6361718052 1.5155180939
-0.0769882149 -1.6039446992
-1.0817313512 -2.1859595666
1.1970188649 -1.2123528580
-2.5194211769 1.7467658246
0.9953914736 -0.9824773463
1.7222778089 -0.0791228823
-0.6136477450 -1.6074568009
-0.2147886302 0.8911312020
-0.1804932898 1.1357749662
0.3106131322 -0.0429927470
1.0960552062 -0.4672640896
-1.0030326297 0.0270578504
0.3769164024 1.4586027540
0.6058091282 -0.5824110466
0.1874171849 1.6007445831
0.3368407658 0.4141575792
-0.5306291294 0.7173180949
-0.1016805339 2.1428809474
0.0283539408 0.2745956520
-0.0068458536 -0.0675797500
0.4533406564 -1.4947177573
-0.5269410766 0.8093692264
2.2659356051 0.9876420206
-0.3980630318 -0.8162926830
-0.3778426335 1.0635745894
-0.2282721426 -1.7580778083
0.2267944568 0.0155619742
1.5401215115 -1.2146829605
-0.7423196156 -0.9280441107
-0.6565667580 2.4761319150
-0.5241349886 0.7288359318
0.7625527353 0.9867143549
1.5713221970 1.1119633140
0.0243794507 -0.4151131280
0.0823875176 0.2912498459
-0.1761545128 0.7156372485
-0.9652131419 -0.1862854357
0.7359715296 0.5158274835
-0.8486588946 -0.1951647623
1.3280176306 -0.8992417062
-0.6819073860 -0.0319737006
0.0873373289 0.8220215409
0.7725376577 1.2378090124
1.2129451703 0.5356461131
-0.1434211002 -0.7055612436
0.6469520526 -0.6287245936
-0.5927912986 0.7817793151
-0.3610406725 -1.5683771149
0.2128425994 1.2934901583
-0.8941966788 1.2517382864
0.3944970198 0.0183098799
-0.2972563538 -2.3443626291
0.0749606921 0.2960703844
-0.7046888453 -1.1894454523
-1.5306295382 -0.9797987022
2.3864832446 0.8354638661
2.4841245649 -1.4776060673
0.8285189512 0.2808727274
1.2585709309 -0.5873922841
0.5883447528 0.5652984978
-1.9877896924 -1.3832009563
-0.1826527085 -0.4949086595
0.2884589918 -1.0044299818
-1.6029452972 -0.1348745116
-0.9476342988 -0.1499172402
-1.0702341477 0.2345239518
0.9399972878 -0.3398921507
0.3893799330 1.1614745830
-0.1685627607 0.1807963309
1.8650766963 -0.6261841302
1.0885873084 -1.3123555284
-0.3256677170 -0.4242067504
-0.6151858393 1.2090482698
-0.3390182509 2.2100218061
-0.6032541957 -1.0000495649
0.1153345797 0.5086789402
1.8500019324 1.5730965246
0.7405329055 -1.1483249617
-0.9467399999 -0.4108339740
-0.7867098626 0.5894890405
-1.5813117777 -0.7121985230
-0.8413436697 1.7161310139
-0.6849491722 0.0658353870
-0.0251454715 -1.3362008759
1.8639017987 -1.1393190996
-2.3992968544 0.0652475054
-1.4449323234 -0.2543169556
1.3644788143 0.1623562818
0.8509147875 1.2721479866
0.2403211213 -0.0715567069
-0.6413528647 -0.7880820164
0.3696238444 0.3383996011
0.8086852919 -0.0885169799
-0.9837429951 -2.2073456791
-0.0192566382 0.8061214721
0.5107629550 -1.5530407909
-0.2861940840 0.7981036841
-1.9011309467 -1.6256217649
-0.4438524568 -0.7725927988
-0.5922057877 -0.0526685754
2.7160980029 0.1900221049
-0.9459759843 -0.1844400739
0.0207023602 1.4619283133
-0.3064348057 -0.8831466044
-0.7873899494 0.4928690085
0.2753296182 -0.9199602498
-1.4025877979 0.6725766348
-1.4241775995 -1.1129334294
1.3091913632 -0.4866777776
-1.0189519798 0.7275281448
-0.8454736926 0.8049606615
0.6097952994 -1.0689498100
-0.2077747347 0.4890118218
0.1188138345 1.5488859233
-1.5199681730 0.9169185565
-0.3872353844 0.2398251882
-1.4754796263 -2.1302640271
1.8092389518 1.4784238459
-0.4150042303 0.4898255330
-1.1612680893 0.0102394211
-0.4981082369 0.5990017987
1.5838905722 -0.1535122163
0.5708708309 -0.1178456678
-0.7881675914 0.8453801811
0.4264735743 -0.5058110617
0.2869063501 0.4429926671
-0.1477160721 0.4099847814
-0.9074101668 -0.1082839648
-1.2013867032 0.5259438094
-0.0185390823 -1.5154420860
-0.5203795179 -0.1579929575
-0.1920581395 -1.0263903942
-0.2769277164 -0.0133490068
-0.7147773127 -0.9631306457
-0.0322033715 -0.4578959800
-0.4358575110 0.6235175856
1.5401845053 -0.9709308901
0.1755181037 0.4986968568
0.2722641946 -1.4574000197
-0.3458365031 1.1897441129
-1.1986143707 -0.7497500677
0.1663565979 0.6952156426
-0.3971587551 -1.2227821509
0.0080804965 -1.8917746953
-1.7329173134 -1.9846266423
-0.7323815875 -0.0675018611
0.5044494375 -0.3338569769
-0.2489486407 0.7418503137
-0.7972129403 0.3373057497
-2.1367663277 1.7494679914
0.3764433805 0.9055840667
0.9694232149 0.1643198960
-0.9233323927 0.8410791511
-0.1204443532 -1.1772704557
-0.6351800113 -1.0166916187
-1.1971925705 -0.0004362803
0.4439700854 -2.1330768931
-0.6725729256 -0.1140289546
-0.0620443488 1.4026637350
0.4852111495 0.5895568203
1.1910745309 0.0484135438
-1.2426657077 -0.3435283132
0.2280756784 0.7213469534
0.4180857531 0.9730669958
-1.4391828043 0.4855512915
-1.5046023763 -1.1057267782
0.2734574019 1.8149874013
-0.2616069519 0.5415338358
1.7894525168 -0.0415148598
-0.6536859882 0.0993821805
-1.3195124869 -0.5022825721
-0.5243852746 -0.8898628521
0.8420608298 -0.3489839394
-1.9056484840 0.8171769497
-0.0087616688 0.8888635543
-2.2911423352 0.2500526599
0.6095710922 0.5919927042
-1.0399633114 0.6539606301
1.1597569779 0.9884912895
1.7178700265 0.5421453551
-0.9196944206 0.7168240102
-0.7057923198 -0.9523064271
0.9652838381 -0.7614790225
0.3780679176 0.7213695615
-1.2444842854 1.1135237789
1.4133120762 0.2208347240
1.4183999022 -0.3669195851
-1.1596697452 0.8600793683
-0.3952872072 0.8476672375
1.3933652244 3.1528481620
-1.6819692328 0.4859573091
-0.6106438568 -0.2153257791
1.2729473673 0.6020883989
-0.2103569749 1.6665672264
0.0868277878 -0.7216122482
1.2608093376 -0.3834417948
-0.9395415398 0.1569818663
-0.2288627148 -0.7225344499
0.8151546127 -0.7608710956
-0.6139055967 1.0116954883
-1.8814020926 -0.2905035593
0.8045346220 -2.0980513939
0.4088837158 -0.4027897126
-1.0291468649 -0.3001600926
0.4947280253 -0.2748116254
-1.1737627991 -0.1490726682
1.0625400899 -1.0958909579
-0.1491805755 -1.2916694634
-0.7977036004 0.5773648366
-1.6636573185 -1.4371485068
-0.9035164700 0.3584004237
-0.5994823686 0.7432759218
-0.3190138655 1.5300451108
0.4313548234 1.2174327677
-0.0892892689 -0.9417430389
-1.0483698860 -1.4173279459
0.5352617057 -0.6184437572
-0.3347127535 0.1156865954
-1.5914523804 0.4257985218
-0.4196718182 -0.9949664227
0.1263366375 -0.0872173812
-0.6158066334 -0.8865034753
-0.1669711684 -0.6653813284
-1.0545231421 0.0288519000
2.0898337460 -1.1862655608
1.5757008361 0.3825611354
0.9814960479 -0.0841953956
0.0988798211 -1.0040638144
-1.6424491702 -0.0592514762
-0.3889021720 0.5144984012
-0.2636147422 2.6219534775
-0.2124465582 -0.1822312959
-1.0597719073 -0.3756229300
-0.7255217186 0.3769842597
2.4914992419 0.1056544841
0.7470881640 2.1000703567
1.2832968658 2.0513053517
0.6170542485 -1.2114698108
0.5153749266 -0.1952854022
1.1018133016 -1.0766363908
-0.8471526037 -0.5346704330
-1.5970524524 -0.9334910886
-0.4342025207 0.1992188400
1.0220512750 0.2383118627
-1.7401867304 0.8080660750
-0.3320135231 -0.8944114098
0.2193284410 1.3326334497
-1.3111895244 -0.8515997695
-0.8334331089 0.8004498244
0.9802909597 1.9274283343
-0.0154502961 -0.8628787544
0.2321789921 -0.1149933232
0.2747977277 -1.3129802846
