0.9316790117 0.1895791600 0.6531374331
0.5390501370 0.2193053757 0.7844363485
0.6762966432 0.5983078494 0.9306166633
0.5586481087 0.7062692871 0.1804750258
0.2900779107 0.7230363568 0.1604552797
0.7737800057 0.8605173531 0.2231143883
0.2044540075 0.4306338583 0.4805381063
0.2620667426 0.6116577671 0.2154493868
0.4606620030 0.7466923262 0.0838429208
0.1215418310 0.2453819675 0.1539406954
0.3630986798 0.1390426140 0.4212475553
0.6655185846 0.8876968174 0.9742707750
0.3476761109 0.9754014503 0.5204766459
0.5988342095 0.4106074129 0.8062300497
0.8503142365 0.7683491129 0.2409276088
0.7787168972 0.9179291877 0.7315564239
0.3727528821 0.8058856315 0.6350152728
0.2290141565 0.2128302921 0.9769588397
0.6803826883 0.7075655125 0.7608739402
0.4123416903 0.8369811764 0.4120774918
0.9861602435 0.4360313438 0.5799823382
0.4405126897 0.9923859581 0.3414042982
0.3068077847 0.8726944558 0.6905771030
0.6328345105 0.7981450502 0.9609674395
0.4125061118 0.8922805060 0.3581872582
0.3078264386 0.9098101839 0.0390761472
0.5129662611 0.7492052761 0.8671612059
0.5172487574 0.9751683078 0.7411922689
0.9417291556 0.2763041639 0.7231681985
0.3606371106 0.5538343473 0.3356449819
0.4675036407 0.9250413261 0.6040875317
0.7304486928 0.2890735855 0.3547899494
0.7897669424 0.2546527941 0.9758769464
0.4884107352 0.7949367539 0.9957477437
0.4833965794 0.0478888412 0.1297585284
0.1014453937 0.0446458156 0.9330677630
0.9585628672 0.9195622800 0.5083057141
0.6331912387 0.2339045354 0.0591666499
0.4881522154 0.6486062280 0.9417179853
0.2230155613 0.7750255367 0.2643450568
0.2256924997 0.4259452022 0.6727628296
0.4968949986 0.0904315684 0.7556565840
0.9748016896 0.4493725960 0.8571519208
0.3725962151 0.3905914461 0.7404857249
0.4012188410 0.7255574028 0.6495815440
0.0991389043 0.2567708947 0.9805157728
0.5726489361 0.8934870969 0.6138448272
0.1276346038 0.9266815206 0.9795748551
0.9840140171 0.7149265233 0.4765247503
0.7125452486 0.5263258253 0.7440581269
0.4962534208 0.2103324663 0.9718905821
0.7090610383 0.1605307509 0.5960362294
0.0510883684 0.0619386204 0.2533639806
0.5903885047 0.9949360732 0.2045206893
0.7237426412 0.9496684907 0.0163704570
0.4287097760 0.9645734637 0.5426998147
0.2644280888 0.0097237720 0.7487263043
0.9144735291 0.1583494228 0.8840490614
0.8885829291 0.9896589184 0.3431603471
0.9506228358 0.9609035733 0.4883457824
0.8980800750 0.9148142933 0.5779073385
0.1090896536 0.6907896866 0.7952630326
0.1252287316 0.5116238513 0.2732644128
0.0414526973 0.5218694281 0.4353538841
0.0686453471 0.8450204324 0.8884777690
0.9024908874 0.9179452124 0.7666889760
0.7962222288 0.4957821343 0.0540485917
0.0097299427 0.0085606948 0.2746061035
0.0768269484 0.7793046972 0.2139787560
0.7731373816 0.2146853788 0.9324492899
0.1149225520 0.5586181547 0.0595700789
0.3992422402 0.1939199038 0.5092100509
0.9468090836 0.4560307156 0.9118759927
0.9127213320 0.1335823903 0.3064127946
0.0713199171 0.9452251942 0.6373641920
0.1345351319 0.7203987229 0.9415846946
0.6730484163 0.6569172589 0.7819808043
0.2432347183 0.7614758877 0.7560598144
0.2871273931 0.7838658799 0.0677469951
0.4956962323 0.1891082233 0.8024499417
0.9702535090 0.5210453721 0.8512868155
0.2602656587 0.5268687133 0.3685704391
0.1286436413 0.6026292175 0.9740938377
0.5148125557 0.2274751614 0.8921256172
0.6901787251 0.6644845516 0.2767429637
0.4271473307 0.3920135777 0.1121564412
0.7427228016 0.9633332415 0.6734214110
0.5507815345 0.3228362963 0.6210081492
0.6614785156 0.1281302073 0.1100138149
0.6380150962 0.0551834721 0.6764783671
0.4045509988 0.7286006498 0.6214917992
0.9329757729 0.8404190670 0.9925227384
0.1808953309 0.3624047979 0.5623544924
0.7413770847 0.7171204084 0.1523827288
0.5775041543 0.7663385997 0.7921641285
0.5136258242 0.0635927804 0.5246752353
0.5149334902 0.7087484206 0.5238774012
0.1753798573 0.1903256738 0.2693984346
0.9146644221 0.0088564454 0.1002939324
0.3723635582 0.0618170933 0.3957521979
0.3077334623 0.1428899363 0.6386512877
0.0357566063 0.3527415286 0.7725015939
0.8227170111 0.7124092860 0.1465216943
0.8970034041 0.0883064640 0.6669323316
0.2939086768 0.1075348624 0.4538526780
0.9558208533 0.6360347258 0.8514208687
0.6082406733 0.6028616054 0.7458533101
0.5675305882 0.4448134175 0.7542014028
0.6264029486 0.5316510148 0.8245921279
0.3905695658 0.5746690640 0.3281725347
0.0095050828 0.3447555285 0.6141713414
0.9107239075 0.7411142083 0.8991259973
0.2019782223 0.9237134010 0.2955992107
0.3207024922 0.1367153056 0.0869437071
0.8991173714 0.1382209096 0.3268042030
0.4688119819 0.8873008851 0.8870790982
0.3723353971 0.3457394519 0.9567706692
0.7093382879 0.5787597984 0.1579816298
0.2338623529 0.5684931122 0.1051445261
0.6740483891 0.9509349963 0.6482003771
0.8377468364 0.4574967479 0.6560334788
0.1542982350 0.8795065417 0.8115341332
0.6195494832 0.4793769191 0.7512611665
0.1523515301 0.9623778067 0.0211400926
0.1224311398 0.7931463293 0.3199334336
0.3974687036 0.3239928672 0.4436687450
0.6301826362 0.4809584725 0.6398244564
0.2918762779 0.6010151838 0.8355587617
0.2135423159 0.1380584929 0.0971890841
0.4266310869 0.6996117824 0.1418419126
0.2825301861 0.6184823634 0.8680190418
0.1442174974 0.7193848895 0.7791598908
0.4770702248 0.9291209321 0.9412275235
0.5877571372 0.7802685905 0.7153213964
0.7587996610 0.4269733627 0.5567854281
0.0674736236 0.5713083975 0.8616632873
0.5729065625 0.4180337748 0.4393331715
0.8573411828 0.7420958541 0.9389657372
0.2633724223 0.4320036866 0.0333368752
0.9983093908 0.6075678633 0.4957787398
0.7055060620 0.5145327017 0.3636649475
0.0546734047 0.2979339314 0.2874437877
0.2322283245 0.4675715318 0.8723089684
0.9199508723 0.7117524119 0.1802690495
0.6705569410 0.7867090079 0.2544655019
0.5567855759 0.6589669731 0.4891603965
0.1533252501 0.1852631229 0.5716930453
0.1626327362 0.3309809224 0.4497196176
0.3736525040 0.0024092102 0.1555122590
0.9591585996 0.5583022970 0.0515124333
0.5241326898 0.1666764827 0.0150335402
0.5455087030 0.4127258648 0.9139460063
0.0962703153 0.1696903231 0.4772173693
0.3075686735 0.0001709380 0.5965695355
0.3802133913 0.9769838751 0.9136200700
0.4876609244 0.1366650270 0.1433543361
0.1326341311 0.5447674266 0.0398112123
0.9149993347 0.5185026987 0.1130228900
0.0862124352 0.2606913671 0.7890253510
0.7041011301 0.1414126335 0.6081581842
0.8213614181 0.3945955464 0.2784508677
0.0815341522 0.1891056244 0.3052335859
0.5357002763 0.8300004366 0.5478639544
0.0160770261 0.5762000623 0.9507988018
0.5126154563 0.6074538818 0.4381140530
0.1808982799 0.6137310510 0.3575964985
0.0604308994 0.8341847476 0.1836951221
0.9452573911 0.6602360948 0.4381765595
0.0232925225 0.0127158960 0.0386908428
0.9592384678 0.9457032774 0.2448585397
0.5822559945 0.3094592587 0.3494079434
0.5880768635 0.4676051031 0.6134824734
0.0059843146 0.3335258448 0.8610826083
0.6057299483 0.2220455552 0.7590319612
0.5833045918 0.1883497734 0.3017180507
0.0897944317 0.3710621622 0.4296474355
0.4763359123 0.9559146675 0.7959523021
0.3946213400 0.1477026955 0.8338488399
0.5985766607 0.0144040406 0.0658771851
0.6490353732 0.5892218967 0.4442359966
0.4705420642 0.5765599997 0.3712012156
0.2772388144 0.4592734102 0.5687811785
0.2037189966 0.9327577594 0.5545145392
0.3830665290 0.0946626195 0.1765243753
0.2686044931 0.6580869810 0.8467440358
0.1495213849 0.0874765407 0.8023413814
0.2939103788 0.9718141475 0.2860561389
0.4888404985 0.1685997329 0.7032600484
0.9768591817 0.7861588802 0.2510445762
0.6876670056 0.2835780937 0.7537197535
0.0581310416 0.0185803005 0.3045359742
0.3053743144 0.3485549104 0.9402607675
0.4376258258 0.7244313871 0.7723976255
0.9981934282 0.7046802068 0.6158764638
0.5468572454 0.8014800069 0.0633325014
0.9682125648 0.0816665418 0.5885403404
0.0159220349 0.1575967160 0.9513749115
0.2210370003 0.9025386011 0.4886280500
0.0234226545 0.9314947458 0.5816539575
0.5766485693 0.3155729596 0.4223242425
0.6721062388 0.4950122281 0.2892401955
0.0232774122 0.7512356060 0.9937048212
0.0742935684 0.3141912036 0.1747486693
0.8233540846 0.0445106426 0.2378022937
0.1726605098 0.8776606704 0.0351802009
0.7776661184 0.2769098605 0.8138605947
0.9599743811 0.1942249382 0.4398845126
0.9428492277 0.2221048602 0.3456975388
0.6123320278 0.5040675495 0.1157523053
0.9364540477 0.2902193765 0.4966340322
0.8703295723 0.3045987495 0.2599271303
0.1738312157 0.0246840842 0.4265596471
0.3869119261 0.0156914057 0.9211957792
0.6076711796 0.2374252766 0.7503589337
0.7533407373 0.0486633656 0.9416465970
0.5431614373 0.1959441507 0.6775997990
0.8055939785 0.8728203907 0.3213657458
0.1229086561 0.7561718343 0.8090163321
0.3505458092 0.3249039027 0.4295326809
0.1320741266 0.2421783972 0.1773934920
0.2249271576 0.6796325496 0.8230625176
0.9569126872 0.6397114524 0.5118359520
0.6526107026 0.9343554326 0.6399859259
0.9044435382 0.2761807739 0.0805064292
0.8667558270 0.4398529997 0.7050646391
0.7168715771 0.2250908644 0.1666604816
0.3630461095 0.4665721306 0.2250338212
0.2941468914 0.7629723165 0.7802792633
0.8343246109 0.9013136515 0.6104422320
0.7660295960 0.7268345942 0.5440775453
0.2750249010 0.4711841572 0.4083525444
0.5861906125 0.5399638242 0.5909186125
0.0091945820 0.3164539030 0.6190089926
0.2536307279 0.3358868335 0.0261262289
0.7914380607 0.5240027001 0.8231123257
0.0607973112 0.9565227667 0.4844028447
0.0136875609 0.2974700663 0.8527332128
0.0215257098 0.5101518826 0.8784746905
0.9508451686 0.7242013515 0.1558642779
0.6052803405 0.7687903643 0.2960356258
0.0392163374 0.1665071827 0.6412526243
0.5230485913 0.0477332508 0.5328244820
0.8751052158 0.9867323701 0.9888222344
0.7703561408 0.1793355140 0.8965198339
0.0634166248 0.8014684344 0.3447187340
0.8593340457 0.7128564753 0.6207095237
0.0882376843 0.3842018273 0.9603845633
0.8701679934 0.1827668640 0.2316324112
0.8870805449 0.9188184995 0.2397579883
0.4513453059 0.6713389583 0.9715513040
0.4536969331 0.9664014262 0.2543764467
0.3138785869 0.8417694506 0.1207037458
0.0142666536 0.3951353868 0.9876253910
0.1271078696 0.6848990414 0.3088408738
0.4500582191 0.5947926395 0.5189401360
0.7434955129 0.7140739844 0.5849384487
0.1815534402 0.0099597314 0.5278612944
0.8983741156 0.2492975237 0.5175183684
0.3505410326 0.0175650186 0.8305906021
0.0847543964 0.6220621985 0.1547970655
0.2072649779 0.2852480866 0.7498709819
0.0323378821 0.8459539433 0.8812003933
0.3945531629 0.4876188920 0.3857427739
0.2741587534 0.6136521026 0.9391072414
0.8034158669 0.3681886179 0.5479290125
0.0150626375 0.9833125881 0.0350065640
0.1908797622 0.3080231103 0.8830020024
0.0770160972 0.2012188690 0.3958593083
0.3716163336 0.7252763239 0.7551808338
0.0436891824 0.3378702809 0.6162640267
0.9514463794 0.0048323473 0.1962183535
0.5515282601 0.0228755644 0.0214628476
0.9585024321 0.3628445075 0.6306911483
0.3935009079 0.0910427755 0.3757800531
0.0248550829 0.6938824436 0.7039035508
0.5708437703 0.3927354870 0.0047906337
0.4848540661 0.6310746170 0.1871418691
0.1600829729 0.3292196180 0.2633376871
0.6834926279 0.6194044252 0.4402130854
0.5084586825 0.6198287036 0.0261372498
0.8647805032 0.3005634478 0.1190762757
0.9073599479 0.8381865285 0.0320489726
0.3442222832 0.1136286887 0.1397952153
0.3022922556 0.2185905937 0.7992192798
0.0912481820 0.7872680220 0.4297441061
0.7792733629 0.2112868676 0.2787106712
0.6174440146 0.4934917486 0.6844849876
0.5046161556 0.8455182032 0.5920933017
0.4339152727 0.7648175243 0.2863809488
0.7838630225 0.1987229989 0.7458960529
0.6596678018 0.5494999847 0.1477074220
0.3575909564 0.0382440343 0.3910636111
0.6380972084 0.6677491271 0.7277144943
0.4696787964 0.9715902366 0.3831524263
0.7407312676 0.8949229037 0.4807220443
0.1835885245 0.4382394763 0.5677453425
0.8623720734 0.8367386256 0.9970143251
0.7603009613 0.1818490456 0.2033641982
0.4509386772 0.8673108158 0.5829043775
0.4941900317 0.7459757339 0.7755338751
0.2758181435 0.6365105591 0.3334496101
0.5120757264 0.0898545541 0.9113916806
0.0957826689 0.2855418219 0.5906468322
0.3890671829 0.4628953030 0.3231895806
0.3124186386 0.9248714355 0.9335210988
0.2127944801 0.2117403869 0.9018386896
0.8864549964 0.7404445850 0.0691325093
0.6520737450 0.6893577390 0.9520049111
0.8290817698 0.2857405449 0.6136211761
0.4554542464 0.7960429909 0.8577164269
0.6226426740 0.3583756674 0.8121236065
0.6621384366 0.4439929714 0.2672688778
0.5446556133 0.2211569464 0.7360832612
0.1038624144 0.0172300313 0.1703874523
0.2988684985 0.8057689318 0.0883888477
0.1797044278 0.7556933223 0.3906741864
0.1745435999 0.3789261080 0.5329212800
0.7356676072 0.8845324690 0.3641955632
0.4425577425 0.3837487193 0.3460867883
0.1437733553 0.7097518731 0.9134187279
0.5123270125 0.4334171571 0.4033287305
0.7420301702 0.6922442051 0.2774600274
0.1645050364 0.2901251309 0.4008852482
0.4070637663 0.1324456187 0.2112013331
0.6504545377 0.1377141469 0.2465824566
0.5661231327 0.9835742227 0.2219149938
0.2948686890 0.8905645376 0.2106746387
0.0635042360 0.1324149227 0.1625749622
0.9012766733 0.4102752224 0.1782679726
0.6110775238 0.0088433020 0.3412734783
0.1382554844 0.6335901051 0.0882365582
0.5278259964 0.6836932224 0.9091434360
0.9920650624 0.0599612094 0.2678041338
0.2210119369 0.6703993802 0.5615592330
0.0486823776 0.5524892955 0.4243692674
0.9953835365 0.4920654938 0.0115684785
0.1165764810 0.0187325043 0.4129061970
0.6733949084 0.2425161439 0.9368003392
0.8892800310 0.1155553453 0.2383814051
0.4936601872 0.9424637071 0.6033240307
0.0495677395 0.7441155525 0.7074406067
0.8598471728 0.2253213170 0.8432145225
0.0927175609 0.5236312558 0.5469517195
0.0727886628 0.3106291845 0.7014172549
0.9881957616 0.7904139245 0.6807273313
0.3630916475 0.9804020100 0.1138701080
0.4197163919 0.5873876486 0.0281158898
0.8924131220 0.6825321318 0.1361097777
0.3846228403 0.9336882227 0.9438439052
0.7560447786 0.7344331719 0.3882509986
0.7329244813 0.7713575368 0.2447448653
0.6933347935 0.9989102392 0.4490252798
0.1127285852 0.1147911525 0.8748374854
0.9863604766 0.3472511595 0.4790863078
0.2097316396 0.0451281379 0.0591452385
0.9108440159 0.4479689863 0.2325298291
0.5380401541 0.1936872046 0.6063914953
0.3915120598 0.1290660313 0.5186531999
0.1433418039 0.2244309777 0.4883663159
0.4450089322 0.3285539597 0.2591378547
0.5045090820 0.0206614411 0.3101256384
0.7068751754 0.6306320122 0.1531655291
0.1134356847 0.7242352312 0.6346675459
0.7895985534 0.7338450944 0.4293992387
0.9832026599 0.7962142930 0.5369869909
0.5963444535 0.6200304507 0.8911395085
0.8507873289 0.0411349805 0.8902015925
0.4059826096 0.0493224023 0.3717886776
0.6696515151 0.5556878636 0.7168878436
0.2734148138 0.3778564343 0.6423854850
0.7833763605 0.6586699142 0.1684357974
0.5615802474 0.9364341469 0.5136508736
0.6213156010 0.2781707151 0.6306572541
0.2466795078 0.3635959685 0.7595688329
0.7001621402 0.6029368361 0.0870459303
0.8005350138 0.5887982953 0.6661748607
0.3259880018 0.0926641220 0.6455998718
0.4607547495 0.2382934246 0.0582543989
0.9861299095 0.9083065111 0.8493431360
0.5475583357 0.0972064784 0.3809276300
0.4961212906 0.0099066662 0.1197614200
0.1964604759 0.4519528880 0.4484072367
0.5609090836 0.1376445984 0.0113906976
0.0809547308 0.1185099258 0.7917928123
0.9376041234 0.2836313586 0.9745747799
0.3976159904 0.5413364831 0.1012221731
0.6804863008 0.9670769292 0.7961984606
0.9725792688 0.2551683994 0.7259687881
0.7511613738 0.6483444329 0.1373173156
0.2296080860 0.6247865901 0.2614069782
0.0636435387 0.4216401442 0.3159320838
0.5051330122 0.6938154383 0.4230536163
0.0444689799 0.8565182743 0.0711185435
0.2910827489 0.7544212596 0.3761229665
0.6576507137 0.3582158468 0.8411845565
0.4221224943 0.6001809608 0.9731944071
0.2105498553 0.5393555677 0.3664397613
0.5338076466 0.5495731146 0.7150550488
0.5676599965 0.5152441422 0.3311815467
0.6811368890 0.6702202609 0.4365359022
0.2311307901 0.3773299600 0.5066921423
0.5073607174 0.3769264053 0.7102025378
0.1202447789 0.6746606117 0.4393712002
0.7647719419 0.5399824626 0.2563231689
0.4277080791 0.4674820310 0.8738855126
0.2369872901 0.4531611705 0.8568095863
0.1151356461 0.3753719343 0.7295701667
0.8791508186 0.8142100277 0.7461877621
0.9607762734 0.3814262010 0.7352931228
0.6210095564 0.5196502148 0.1426544286
0.9918787890 0.6228032414 0.4438987063
0.8273911523 0.5599354418 0.0907996093
0.7466053644 0.6387133582 0.6159062194
0.7002879552 0.1132066792 0.1321112500
0.6884193598 0.7235132834 0.3238477349
0.7504223774 0.5345085479 0.6432746918
0.0439200772 0.8362459252 0.7929832366
0.5615757620 0.0604980162 0.7453503189
0.1864942811 0.7176803999 0.6198104446
0.4294258578 0.6858757811 0.4367086819
0.7721224712 0.0842063710 0.3424073833
0.0292425406 0.8846020634 0.0630568056
0.6738437087 0.3108438440 0.9245086498
0.3556414762 0.2976457702 0.4560223516
0.6681655129 0.6774303090 0.4571831289
0.0046942445 0.6486698428 0.1753588864
0.0046689867 0.4260850366 0.1916389151
0.7055483771 0.7754492999 0.1999887153
0.3607545589 0.6794476253 0.4749246981
0.4372622645 0.5944738929 0.7047439168
0.5757988197 0.7052577258 0.0177231408
0.3999846396 0.6231794761 0.0063578527
0.5875833533 0.0392077675 0.7676235710
0.4631706521 0.2477880748 0.0008720299
0.6114486316 0.9780012681 0.8676664375
0.9083325842 0.5588019178 0.7879769131
0.8177297103 0.6666586771 0.3722922325
0.6508852029 0.3304213319 0.1508119011
0.0040881060 0.0442392423 0.3019512547
0.2944215128 0.1613581246 0.2392182345
0.9159605185 0.3940662168 0.8603925644
0.7850981062 0.0158440085 0.9175385349
0.0883004979 0.0974305897 0.8002031346
0.1185421397 0.8189926579 0.8861175585
0.7468217419 0.6064039811 0.6448949169
0.2329479921 0.0768948025 0.0743456108
0.1399033962 0.3767458167 0.8777555212
0.4463894003 0.0386509173 0.9898843685
0.9750529924 0.6301193753 0.0760666733
0.6377186106 0.9742902470 0.8307525801
0.3632872267 0.0942639695 0.8798530884
0.7173972915 0.4984665004 0.9570253139
0.5204985873 0.2362741557 0.6001304556
0.7410584479 0.7722371250 0.0807037907
0.1397277206 0.4438485909 0.5198254330
0.4492867023 0.3857412418 0.6214714160
0.0239222059 0.8770023255 0.7097451807
0.4518362733 0.0454482257 0.1743522736
0.1406504188 0.2145372308 0.2399786257
0.8761648943 0.0031181961 0.6819261538
0.0317630807 0.2286158183 0.7610743160
0.3260856467 0.0805163554 0.7508814807
0.6937422592 0.5510288516 0.6511355266
0.5378946418 0.2607842226 0.9244478212
0.4996406249 0.3627716824 0.4348903841
0.8996832189 0.5776746503 0.3645995866
0.5428694905 0.4081960876 0.1851011044
0.9573744304 0.3965772388 0.0954599278
0.8522836192 0.3747850311 0.7197805555
0.8739640033 0.9943222192 0.5295461994
0.5431383590 0.5148286646 0.9080595228
0.4346253884 0.9019936458 0.4310479844
0.3518970774 0.0376539479 0.4177088188
0.5576938750 0.8456854913 0.5905451224
0.3872767789 0.3147676767 0.1609275141
0.8731281842 0.1368146273 0.1473834941
0.7168194566 0.2971117200 0.1530013783
0.3569530502 0.6973968883 0.7652137847
0.0608716203 0.5807280948 0.4369943748
0.8785095991 0.2413301639 0.9521137498
0.7313084195 0.6840907793 0.6440469911
0.9338427132 0.8139285183 0.9334527754
0.0212283386 0.8886765032 0.2004853782
0.8418282601 0.2344774487 0.1601466670
0.8229992125 0.1317044734 0.7344694929
0.5427655430 0.2716332063 0.7454227069
0.8198827990 0.7087445569 0.8118578006
0.8952367152 0.5876909674 0.7665903595
0.2021710505 0.9756922533 0.2818383844
0.6547965185 0.9273256465 0.5523327331
0.8364728537 0.0348897596 0.8202535961
0.9569051795 0.7672462948 0.2793291954
0.0887966148 0.7575278297 0.5657040023
0.7761926854 0.0097522144 0.0215859960
0.2578546897 0.0793305398 0.5301073264
0.7478393997 0.5828144971 0.8522263005
0.5970709941 0.3791054585 0.5563945096
0.7303146159 0.4657549915 0.9731330355
0.6821104631 0.6243256333 0.9061233925
0.9518452769 0.0153205771 0.9114825249
0.8188624420 0.5552752256 0.1407894379
0.0042802682 0.8069419586 0.7299178438
0.1321721089 0.5910794544 0.0932696450
0.2741879480 0.5776205718 0.4198938835
0.7555846224 0.4342176423 0.9286965239
0.5990494022 0.8029317560 0.0048157987
0.7175071369 0.5050232193 0.7262765336
0.4104767796 0.0748661397 0.8679483436
0.5220013801 0.6466917912 0.9267797282
0.1508403798 0.0408722396 0.8649897080
0.4916868481 0.8946770390 0.2521243533
0.6437062089 0.2229355006 0.3615717193
0.0068640347 0.1614227508 0.5051855051
0.9638772316 0.0369147180 0.3157238511
0.6144947648 0.8711491838 0.9727034264
0.0099969529 0.0581108214 0.4960432373
0.6024006949 0.2649653706 0.0121300421
0.3218438670 0.8758563947 0.5085734897
0.7347471242 0.1712454384 0.7980819437
0.0593203260 0.1119667844 0.2277251416
0.0691190039 0.9930413086 0.3254518365
0.6786314961 0.0276178241 0.6704814854
0.3443152715 0.1823593369 0.3696414300
0.5494024522 0.6455852849 0.7556525462
0.6961573818 0.4718505333 0.6555325584
0.5336822403 0.6358608911 0.4826734057
0.8698816053 0.0755377337 0.7296688929
0.3057862129 0.4369326539 0.4327348867
0.8128482831 0.5698396200 0.6758404597
0.8258266534 0.7454342298 0.1932659397
0.0812408955 0.4536209005 0.6158681705
0.4542888421 0.6975716845 0.8480854602
0.7034893458 0.4256780765 0.2101251774
0.8770280885 0.4033900079 0.7195954364
0.3715844891 0.4405000969 0.0950053549
0.5257955145 0.3241988894 0.1906577555
0.1679566591 0.0303934739 0.0209562716
0.7626820490 0.6296672906 0.7012699799
0.5014358537 0.4770852499 0.5439125794
0.9677287806 0.8375048456 0.8669928176
0.7798209059 0.0388641734 0.8118270654
0.7151096481 0.7027259299 0.6294157881
0.3505117993 0.7636870282 0.3563930703
0.1247193036 0.1554724904 0.8047023825
0.1997428498 0.0787798363 0.8945103850
0.6363994558 0.3656335699 0.4213564824
0.1653823235 0.1371538615 0.2016737256
0.1167675727 0.7889992403 0.4221558845
0.3680446708 0.8626326902 0.7402677302
0.4520035695 0.0680372013 0.1175015683
0.0567379300 0.0467882620 0.4273856776
0.1881800037 0.7332514420 0.4981387577
0.6099680904 0.0722390814 0.6303338878
0.0446362523 0.9324755660 0.9534800243
0.4251057476 0.1455604145 0.4781565999
0.0339668720 0.8828195480 0.0701219394
0.8681297858 0.4345940314 0.3670795301
0.5080133572 0.5199133758 0.5125001986
0.3601815069 0.9324663332 0.9239277994
0.0630539619 0.2762121057 0.5712767019
0.9289495830 0.1109824185 0.0276418610
0.0744298096 0.1164159897 0.7541842869
0.4641686785 0.1891841659 0.2014392131
0.5884582198 0.3839175695 0.6703707022
0.8645129090 0.3338854966 0.9132290972
0.5344377216 0.7000256326 0.8619435653
0.3576814162 0.0060826987 0.2346467068
0.7043233445 0.2755681402 0.7300775483
0.4071993440 0.5077165859 0.7864905284
0.9435456576 0.0706024325 0.8670141320
0.8763487472 0.1869972216 0.8159214327
0.0432508421 0.0579144461 0.9127921502
0.3906848485 0.6230611644 0.2094926554
0.3381645970 0.3562007244 0.8248115985
0.7903476442 0.3312467614 0.9121461019
0.3030527329 0.4837405033 0.3702484169
0.8880749572 0.0639595966 0.7334414867
0.7954427267 0.7151776096 0.6560274599
0.6945691224 0.8721477136 0.3958297298
0.2661909462 0.7661660152 0.8060049933
0.7491308155 0.7128811986 0.7266254287
0.7626127384 0.2813274977 0.4413376493
0.6510792942 0.9892802849 0.0432620672
0.4856358665 0.0799025367 0.7870387691
0.1343613949 0.6403676972 0.9090203172
0.0077429128 0.9879609735 0.7600710791
0.9515485548 0.2661134052 0.9711578135
0.2875936926 0.1191016869 0.9481625076
0.5850239248 0.6676172354 0.3458230277
0.2512278485 0.7770021823 0.3023695654
0.8882647213 0.9893330686 0.9300056052
0.1110340143 0.5492358146 0.0189169661
0.9209283656 0.1417433455 0.2971001804
0.2970960533 0.2984544009 0.5616325773
0.0595814615 0.1297192363 0.2455959351
0.6381664208 0.3760855580 0.3535670132
0.7694332081 0.0762907649 0.5251983684
0.5047994766 0.1897810313 0.4608902575
0.1703282638 0.0687433209 0.1246002851
0.7477401920 0.9940060556 0.2004812468
0.2502989586 0.0760416941 0.7347256886
0.9716411424 0.3759123329 0.3352472004
0.0779566343 0.2698641863 0.4724971945
0.6432794047 0.2628430108 0.5177974930
0.8312429019 0.4670443030 0.1711577021
0.0292981275 0.9822674625 0.2313903990
0.3926797288 0.3589744527 0.9609272227
0.8384345837 0.6164520281 0.4030355085
0.6749374822 0.6939889899 0.8882970335
0.5483951800 0.8609817636 0.6947002116
0.8978853985 0.5967487535 0.8649178922
0.2480646036 0.0279688942 0.8845335584
0.7118768237 0.9486728965 0.0015644433
0.1306044574 0.4415351953 0.9145615872
0.2517024838 0.9195534663 0.9044540786
0.4434406839 0.1283159020 0.1015658720
0.3649712922 0.3200730713 0.5976828985
0.3150190910 0.5480640829 0.5498158881
0.1461998272 0.5882441537 0.0601716974
0.4975579920 0.0722113628 0.8555316666
0.0519800882 0.8954184706 0.8091891892
0.2788466415 0.3313684495 0.7339143282
0.2190639005 0.6752279966 0.7556556950
0.5423769942 0.6681971450 0.0202214575
0.7701137082 0.8986903992 0.9245026600
0.3174325283 0.8797898429 0.5246281515
0.6579519861 0.4323056781 0.0324307321
0.4594431140 0.7648264235 0.2029929669
0.4878108625 0.5549023456 0.1340529562
0.4108359706 0.1735789852 0.0484490354
0.0104326299 0.8810572603 0.1873678315
0.3484297670 0.8098230736 0.8481774379
0.8080277049 0.9821572358 0.1706579875
0.7052652620 0.9726089336 0.0138006952
0.6016525135 0.1926107929 0.2882262440
0.1913718762 0.4295965914 0.8319232327
0.7682676278 0.5187536479 0.3730659628
0.3037221540 0.7617336975 0.2867684421
0.2586278605 0.2964664336 0.0376987096
0.0626078647 0.0020482778 0.0608775267
0.3579926135 0.4243304571 0.8672513649
0.9649467335 0.3516462142 0.5624699871
0.5799141618 0.6313931957 0.5105751610
0.2859817612 0.8498482747 0.3790283564
0.5161893095 0.1708901574 0.6592051869
0.1483850235 0.1992185767 0.3571090437
0.7686491730 0.1209204242 0.8287398817
0.9037536152 0.2869200632 0.9656377931
0.1195937384 0.8380170196 0.2167272400
0.0552312203 0.8256175514 0.8500296855
0.7981260678 0.7590406152 0.7763954704
0.1402974204 0.1131587948 0.4010078296
0.4554708115 0.9774041317 0.9158778555
0.0288060454 0.6813926140 0.1932684695
0.0619958802 0.8494806893 0.4707524748
0.5757161552 0.4191359973 0.3755643286
0.5792746011 0.0712050549 0.4251289732
0.8513481629 0.5702000322 0.2509808250
0.3483304064 0.5047392121 0.8014340602
0.4424553933 0.7924985424 0.6038423936
0.8707807041 0.7431375561 0.5664727734
0.0158831520 0.3183205318 0.4396299532
0.6847374201 0.6615303215 0.6498304627
0.6573217965 0.6273153552 0.1250176850
0.9678175207 0.3898001305 0.4891552876
0.3164809750 0.2730951126 0.7075064085
0.3292844846 0.8043612036 0.3145933337
0.0148094408 0.1648653324 0.7261625589
0.6887934530 0.4826614341 0.6705296096
0.6032043137 0.0013448697 0.0865691859
0.1841133708 0.7389945271 0.5208258178
0.9842830699 0.9867112922 0.4139055241
0.4479966459 0.4721135474 0.8637456328
0.1206964029 0.3486396796 0.1605397459
0.5875111863 0.6053586778 0.3030672584
0.8672089271 0.0944158970 0.4970874578
0.6143973742 0.0921284884 0.5316156066
0.8115013942 0.4667670777 0.9957364006
0.1110496017 0.8358736750 0.8968320319
0.5218790858 0.5982730199 0.0345362003
0.6872081852 0.0194678291 0.1974009072
0.6974231158 0.1394014246 0.3920408610
0.2644891606 0.3114557752 0.8414947503
0.2076863744 0.4302555641 0.8552501782
0.8785132694 0.7641506834 0.2471329885
0.2244607831 0.8836829627 0.2975145467
0.8727181357 0.7498496099 0.2047144979
0.9563246998 0.5598868610 0.0139038552
0.6146177258 0.1826477928 0.5515041405
0.8433180678 0.9411141802 0.2249885827
0.5487790649 0.6792009770 0.4949201117
0.7258535731 0.3733276325 0.7098792504
0.4537017062 0.5536224288 0.7583750134
0.6282658704 0.6165112241 0.5636837569
0.9074778103 0.5775740122 0.5455562185
0.6665823314 0.8635102119 0.2539944111
0.9596752011 0.2742890948 0.5009154731
0.1257210347 0.6975590431 0.3035053639
0.7163202241 0.0537507903 0.8928618321
0.1656844573 0.2190198683 0.8370193677
0.4296900590 0.3501582340 0.8749095282
0.4248315725 0.8718587304 0.5949203554
0.7950552601 0.7812619809 0.0085307443
0.5988829112 0.9180769414 0.2536827363
0.4526699470 0.5876593408 0.7474594602
0.6260514855 0.7439593920 0.7334514056
0.4590522343 0.1381755253 0.3741184551
0.7890094714 0.2869740543 0.6067864792
0.3148409842 0.7905682731 0.9211763713
0.8252145328 0.8540376826 0.4089867846
0.6673489573 0.8323853441 0.7552185842
0.3922946217 0.9276339780 0.4251283633
0.7634694592 0.6494319344 0.7044388978
0.7248731554 0.0149424424 0.0359650077
0.1308013437 0.0015726856 0.8082073017
0.3833224134 0.0181140790 0.9491155883
0.2119653342 0.6239547381 0.4230654276
0.0551810048 0.6437369885 0.7526286244
0.8827339876 0.8062718999 0.2260998940
0.8814615475 0.5802388871 0.4025707803
0.4603417072 0.8376775305 0.1195664801
0.6267334370 0.4787018474 0.5187267374
0.6314649291 0.3722724581 0.0451172008
0.0320681108 0.4650130737 0.4411404653
0.9438924156 0.9073600590 0.2551716180
0.3118940307 0.3215077364 0.2471012378
0.7178582423 0.7613720459 0.8174143514
0.1528792891 0.8067285094 0.3279817719
0.3879835771 0.5835272842 0.6874735419
0.3589122262 0.3681055466 0.3790194732
0.6357123498 0.3220765470 0.7804084959
0.2210985332 0.3617812286 0.0002957589
0.0600469895 0.8987930630 0.0355116123
0.2459640264 0.6526136548 0.2857417231
0.3134294091 0.3340309524 0.8858128719
0.4769012693 0.1364817773 0.7030157387
0.9704675154 0.9205161976 0.6861955265
0.4029854109 0.2252641735 0.3879975611
0.7217913206 0.4766007016 0.4488455597
0.8532740508 0.7760787054 0.8052912967
0.2241879388 0.6350301989 0.2075162477
0.4612300907 0.3844348065 0.4429010454
0.3015802457 0.5869501597 0.4198829522
0.4531957188 0.2623982272 0.3897733804
0.2146730264 0.6622933266 0.2084224427
0.9965394167 0.2427062239 0.2776268615
0.3340968063 0.2964867898 0.2522104683
0.5807111265 0.2850072776 0.1762076796
0.1781345038 0.8651328907 0.3661030306
0.8446724734 0.4647170540 0.5714105569
0.1354491842 0.2588881208 0.3909104111
0.2131180428 0.3502959869 0.1644369909
0.6573774232 0.6735771063 0.6488929103
0.1623346403 0.0045187077 0.1486148845
0.2700974000 0.3503725875 0.6390845138
0.2167004604 0.6036249698 0.0577168171
0.7929784722 0.7517949366 0.4844173493
0.9255535584 0.1123611053 0.4982771039
0.8248478495 0.6744457806 0.7272070380
0.0127472767 0.1942258093 0.5143242843
0.8421879388 0.0664554812 0.6020428116
0.8576873987 0.1353291915 0.2825420716
0.0120553967 0.8653873811 0.0967184897
0.7699724832 0.7700650208 0.0928401600
0.5471854014 0.2019218284 0.8480184822
0.3404941789 0.8756522965 0.4314315637
0.8429392113 0.4397030474 0.1223181124
0.2081579504 0.4263474487 0.0460612017
0.0761924158 0.8864055219 0.9347706043
0.0477486342 0.5617839672 0.1491842507
0.9576718772 0.2215465893 0.7955230804
0.2264654968 0.8305425898 0.9531401818
0.9218943034 0.5035308243 0.4720724087
0.3347007644 0.9410513236 0.3592298750
0.8527345321 0.2114466254 0.5259487278
0.7051350840 0.1070574538 0.5259300862
0.8551635289 0.6750651301 0.9164917869
0.8351269702 0.5058183808 0.2260030687
0.7883578101 0.5449051947 0.0127916107
0.0214460034 0.1885249602 0.2951434783
0.0455827370 0.0653719417 0.1945529792
0.0802048700 0.9092140559 0.2080493726
0.5793896800 0.0432695754 0.7809559054
0.2833022467 0.8970321393 0.5836597865
0.0317873277 0.6196978041 0.8646028753
0.2816564522 0.6376934331 0.9800561362
0.3959888564 0.0594964866 0.3291380468
0.2485046932 0.4199048997 0.8130636487
0.4958472695 0.1644997920 0.7312312966
0.5786129325 0.0663365763 0.2205118581
0.2136282641 0.7172035047 0.0548099121
0.8705399964 0.1252993536 0.6646209168
0.4278881847 0.9362797429 0.8483388618
0.9966913567 0.9025461660 0.6855228971
0.2915980198 0.9993618915 0.5331476674
0.5351301198 0.1074384114 0.5697182516
0.9188917941 0.9359650648 0.3842765842
0.0838781112 0.3244087255 0.4111880155
0.5050758887 0.0924788611 0.1078900238
0.3931377194 0.1945228012 0.9553958322
0.1920776817 0.5435095145 0.8572635659
0.7066656790 0.6782756189 0.1314372756
0.4583875900 0.7380114554 0.4830703487
0.8414616585 0.7644156467 0.2746897882
0.6853849384 0.7593209024 0.6826616860
0.9157575704 0.8382358665 0.2608390066
0.7606425306 0.8375035839 0.8716504421
0.1861137119 0.5676062535 0.9577329073
0.8876246475 0.8870363360 0.9874350146
0.1575544380 0.8353540163 0.5273076096
0.2501099433 0.4017445106 0.5199384174
0.8964720198 0.7150896343 0.5960128385
0.5724593775 0.8775327195 0.3955669141
0.6460414700 0.9562363303 0.2612389146
0.0598064345 0.0115334471 0.5714015271
0.9400627923 0.4091438706 0.1741079903
0.3122628015 0.7760457067 0.6124680990
0.3902704531 0.9351837721 0.0232641437
0.5810879388 0.1237891912 0.2198095168
0.5826837287 0.7543127624 0.8819096015
0.1097095868 0.7359036169 0.0785566244
0.5908897539 0.4557171349 0.7066767615
0.9213687255 0.0181171003 0.2368433567
0.9888200007 0.8145802491 0.0471501663
0.5241410390 0.1228424508 0.9655752203
0.7689161001 0.9419560737 0.0883683009
0.1155229642 0.8176469344 0.4219172475
0.2625082411 0.8223106344 0.4656778384
0.8045925248 0.0809399931 0.3274884557
0.7071476414 0.6503322851 0.4874674077
0.5696530900 0.6301297527 0.5048605256
0.3103598848 0.0271650074 0.7927230045
0.7726458223 0.5816641929 0.0463777641
0.1615680085 0.0781192111 0.8221186048
0.2023719625 0.6325817429 0.9747939756
0.1232439135 0.5582580979 0.6474787776
0.0254883776 0.6188683027 0.3240465463
0.4990823386 0.0806067018 0.2058544186
0.7411645139 0.2735904201 0.2929790847
0.7798593634 0.2515997853 0.3646172318
0.2608881749 0.6696529912 0.5943950169
0.5649350025 0.0971069929 0.4630858888
0.4673204604 0.0506888911 0.1143873680
0.0549475014 0.6330983501 0.6289160770
0.8124256532 0.6913434500 0.7749344338
0.6924817362 0.9686338966 0.4788758857
0.4178161889 0.4882920103 0.4929451642
0.2280741752 0.7793357517 0.4228774915
0.9278463389 0.9919752620 0.9013201072
0.3307763612 0.8572171779 0.2946380585
0.6438422978 0.6455089385 0.4872939225
0.6779640232 0.9096767480 0.1355508294
0.9510393059 0.1948238536 0.4927165369
0.4935503326 0.6731643172 0.2478863923
0.4793317708 0.2604751918 0.9621095154
0.0040438658 0.2101223759 0.6897850475
0.5023244981 0.0937144428 0.4842208135
0.4112101489 0.0956020035 0.0959231697
0.6500207109 0.2923985407 0.8715279501
0.5064316636 0.6991460968 0.7651513009
0.4571711294 0.8832810551 0.7677303929
0.2229900822 0.4173677779 0.3059065612
0.5874693864 0.6512384971 0.4807558333
0.3571278360 0.2699537214 0.4228873202
0.3037102251 0.6502905594 0.8044208414
0.7035663029 0.0153295111 0.3546266085
0.7871296460 0.5091795779 0.4747183694
0.7994722397 0.8392074955 0.9873384526
0.4155691373 0.1394887865 0.5385979536
0.2598798407 0.7446713717 0.1388555877
0.5639259075 0.3221006950 0.5882193970
0.3554414591 0.0419229661 0.6064809888
0.2431967546 0.9527778669 0.6611458303
0.8635464345 0.0684250122 0.5427562856
0.2520646765 0.5044754172 0.9580946275
0.5844561495 0.4111139146 0.8137863337
0.9513445827 0.1129634543 0.6772144156
0.8427042495 0.2460754439 0.8966074259
0.9841879503 0.1435521818 0.2878200924
0.2317092150 0.0739740751 0.3933788880
0.4342874580 0.5024166969 0.7457109316
0.3463188867 0.7000763471 0.9612798131
0.7405326510 0.9642067000 0.0416710477
0.9936001417 0.3842563163 0.8391193678
0.4966672685 0.0828914616 0.1284719925
0.3974897961 0.1244717637 0.3769662490
0.7743400295 0.3613191054 0.9122292514
0.7979018180 0.6880655788 0.5529636577
0.6136797505 0.1395525915 0.7082655365
0.9672713875 0.3090929230 0.5740270404
0.0305554686 0.3833843303 0.9079099389
0.7413877598 0.2104938798 0.7811440297
0.7204854645 0.3951875749 0.3217067458
0.4982958628 0.0586297849 0.2474144712
0.6301578883 0.6544201820 0.1582352598
0.4137370158 0.3720610646 0.0619059022
0.8455310456 0.8842338432 0.9739628379
0.0140082491 0.5978084701 0.6679492319
0.9500843305 0.3286227361 0.5275490583
0.7846535158 0.1676082623 0.1374720603
0.2933164425 0.0636733696 0.5525990971
0.0781523308 0.4333036038 0.2382913864
0.4599268223 0.1882926976 0.9236801890
0.9983821188 0.1526042008 0.7068080866
0.8707220731 0.5390948271 0.6677037569
0.7746274569 0.4613533486 0.8380503598
0.5725100533 0.0389526559 0.4055967848
0.4853083264 0.9500469164 0.2946500864
0.2259663775 0.6271800522 0.3746140026
0.2340743212 0.8628256012 0.6830285686
0.7975890407 0.9186638251 0.6715520454
0.0767514619 0.9305678583 0.1079670171
0.8763598709 0.1726582525 0.9033476797
0.5966807546 0.3853359929 0.2551848382
0.5173974165 0.4756303142 0.3952115751
0.3970118391 0.9926218431 0.3199849374
0.9995388145 0.1343481868 0.1232741146
0.4963800207 0.2207988337 0.4510590113
0.4886686060 0.2823397624 0.0751353455
0.3524181801 0.7935201713 0.0766850663
0.9163648525 0.5386965963 0.3290763638
0.9131456874 0.9464401180 0.5876982547
0.2512434510 0.2401476783 0.1515356341
0.4985031835 0.6629002306 0.0826592417
0.9994248750 0.8699405344 0.3233993184
0.4007576344 0.5032314932 0.6078599635
0.5468046012 0.5495459501 0.9280633559
0.0312502003 0.6228864985 0.9208930122
0.2315511664 0.0853861924 0.1769287084
0.2065218825 0.3709775699 0.9427476418
0.2081122088 0.9262653053 0.1959781900
0.2596248014 0.7153999863 0.4444583371
0.0724733538 0.8970778085 0.5165937956
0.7534213944 0.6687586957 0.0925386290
0.3544536553 0.4110720158 0.2402372890
0.5146332733 0.0226325783 0.3954027508
0.5454442631 0.7970448335 0.6786612838
0.1539383702 0.6674385443 0.4312824799
0.5287278155 0.0258973247 0.4155052473
0.7379627706 0.4337857013 0.2977162720
0.9310861473 0.2045202541 0.7298260928
0.0009119529 0.1177216576 0.9913550849
0.5129748409 0.4857750979 0.7535385370
0.5360186516 0.8945885338 0.9799149270
0.2278968163 0.9644962920 0.0931118367
0.5704911999 0.7448320133 0.4400078029
0.7390737236 0.1350060869 0.9934249145
0.9638786808 0.8934932346 0.1619677781
0.0926430171 0.3145446827 0.0877499192
0.8328122100 0.8614792914 0.1736757970
0.8273053274 0.2482808677 0.7133841760
0.9700699127 0.1519994097 0.4210096415
0.5945973962 0.5158879100 0.4891519923
0.5668031412 0.8834218620 0.0414096967
0.2311887059 0.2752437780 0.3906292742
0.8031595384 0.2159250108 0.5928387561
0.1011255191 0.6152846472 0.3545116932
0.2195609686 0.2792199195 0.9692791854
0.1036029209 0.9149805303 0.7547867371
0.2669742599 0.1718713921 0.4010499347
0.7268564722 0.6871312180 0.3802262658
0.0670928717 0.9838960187 0.3832944487
0.0594477348 0.4232390298 0.2255527523
0.4690044783 0.8503059041 0.3901981287
0.4244515483 0.1014772592 0.5011803127
0.1389364975 0.5516235808 0.9656565330
0.4766829264 0.5349478913 0.7658969779
0.3590449125 0.8417617332 0.8519708246
0.3612671185 0.5038705087 0.3820471479
0.3967273076 0.0279569521 0.4223919501
0.3913522555 0.1912447462 0.2852327083
0.3922508317 0.6417408803 0.5826028959
0.9394555235 0.2885465114 0.7441683834
0.6609165727 0.8058275203 0.9869622243
0.1882827650 0.1005297984 0.3910381458
0.4576787467 0.2124008174 0.5010755007
0.7093524164 0.5967624408 0.2052999099
0.7601561722 0.3529065545 0.6872755991
0.1088660413 0.8089604986 0.9648215461
0.4317250171 0.1218915733 0.6752150621
0.0290822052 0.2008314083 0.0379506976
0.8005982967 0.7807800611 0.8953879733
0.6258570361 0.1662573719 0.0154765628
0.4416956972 0.8127802177 0.2530257822
0.1367148581 0.0472515130 0.5823327700
0.8039158180 0.1311201030 0.4967737342
0.5048627940 0.5771418035 0.8278695848
0.2167518323 0.8481815163 0.3193201783
0.0576029815 0.1395864302 0.9869042518
0.7868013090 0.3337283604 0.8003175516
0.7048710262 0.7809153107 0.0826012437
0.1710579550 0.7249998860 0.4361821442
0.4960492364 0.7989338890 0.0661259990
0.6843347807 0.9876489938 0.0090500573
0.2268020859 0.8590987585 0.8037829658
0.5919576989 0.1601338682 0.5543867450
0.8054720191 0.0684341400 0.5643014573
0.8642342898 0.3882182570 0.4936446109
0.2045324641 0.6250863155 0.1008382971
0.3279584994 0.4578174492 0.9801483241
