0.4484180977 0.4277124713
0.8323162159 0.8297422319
0.1433006218 0.4377941023
0.1998006470 0.7231894949
0.8019764976 0.5963739593
0.4335806381 0.6178714778
0.2630176665 0.3958300814
0.2542911625 0.7369083769
0.6913743535 0.8080883499
0.4392583622 0.1776867978
0.5078511185 0.8910110158
0.7055477771 0.4876429771
0.7432176935 0.4805977132
0.0831658150 0.9549082304
0.9197237778 0.6863690637
0.1582205409 0.8300527679
0.8668022339 0.5677366915
0.6257390383 0.7195964073
0.9163355106 0.3280203526
0.1510458996 0.8946378665
0.9868572727 0.4180729474
0.3018800757 0.4475707580
0.9158948597 0.5921922010
0.5030951210 0.4918570418
0.1627191838 0.1706858205
0.7826652406 0.0651763262
0.1067870410 0.3421812573
0.3091397508 0.3231283727
0.8482196881 0.9771233552
0.5199549415 0.8811560887
0.3321387647 0.1786553928
0.9846899004 0.7352787681
0.2708657572 0.7293042980
0.3915372434 0.6770274159
0.8588271692 0.8084562274
0.7230681736 0.2829191952
0.1273926723 0.5756575144
0.0764900660 0.7986861604
0.3703425629 0.8736316428
0.1408621465 0.0092028203
0.5220944025 0.9524720195
0.1837834758 0.1240001290
0.6566661879 0.0461954771
0.9317976713 0.6091513545
0.6088754509 0.8896535658
0.4243239802 0.6953814902
0.7115211365 0.5230829935
0.4704549293 0.9857843337
0.9395696848 0.1098470898
0.2123518221 0.7545417676
0.1540036835 0.9125520982
0.5395003553 0.9129235848
0.1836902041 0.7304477827
0.4787555167 0.1251008209
0.0363124489 0.3242772638
0.5995446916 0.1207538972
0.5514051577 0.3193984005
0.5460737415 0.7426733936
0.2734842502 0.1419849338
0.5849019679 0.7904479088
0.2062340297 0.4621083296
0.0974810364 0.9406679525
0.6366422554 0.3380565865
0.3081787464 0.4709092382
0.0621253331 0.1626475077
0.4479614974 0.8854721693
0.0884595598 0.1441168032
0.9491941622 0.6100008978
0.3318316894 0.6774321007
0.5953906231 0.2459371449
0.2884788846 0.5179564261
0.3338838741 0.3832861848
0.6941051811 0.1271811702
0.1847694702 0.3667377833
0.2918358878 0.6991044770
0.0210562208 0.1108625401
0.9168784005 0.3817645066
0.2694182716 0.1324069147
0.1557285146 0.1030674611
0.1724881767 0.0213848301
0.3300080623 0.5544778948
0.5685269957 0.2698353990
0.0904814844 0.5494870426
0.8505281950 0.5169038575
0.1599371601 0.7100025370
0.3805525168 0.7814826284
0.0352183435 0.4491333574
0.4288831361 0.1201868290
0.8144135020 0.6816542439
0.6342911154 0.9318345037
0.2726727772 0.0839458451
0.6702077753 0.5503107435
0.4491415401 0.6144802069
0.6052552962 0.4360691601
0.9813057293 0.1667422417
0.1499801839 0.9101261684
0.6348913944 0.6369503964
0.8844012025 0.2534077241
0.1336998830 0.6365830752
0.7325724078 0.6120777850
0.3672269659 0.5688073315
0.1583065647 0.2173213162
0.1096167469 0.8355539944
0.6127085253 0.7847401932
0.1262833284 0.1418610562
0.5559715810 0.3750787299
0.2324083117 0.6759505449
0.6410003731 0.4861368764
0.1231208308 0.7036766828
0.9966541165 0.6871577904
0.0988395379 0.7387440133
0.4799745474 0.3221915772
0.0426858242 0.1268017651
0.7654354227 0.1000360914
0.3158412155 0.5348994990
0.4294163022 0.4416199266
0.6388000713 0.4479250686
0.5672060131 0.8163066432
0.2312397967 0.9092796701
0.5154346822 0.9240943700
0.6047701530 0.6172796185
0.8267824695 0.4950420914
0.9139740493 0.2953574187
0.2604374666 0.1054331937
0.3170605483 0.4997795509
0.0811092658 0.3331386874
0.9798002987 0.1736804275
0.3781626465 0.5076699385
0.5572584069 0.8417043919
0.0271839792 0.3077686106
0.6628638125 0.2470975945
0.3616704726 0.3017345006
0.4324630700 0.3397045493
0.1893233541 0.4037523004
0.4780275776 0.4642167630
0.3517318547 0.1286271156
0.7073767333 0.2628513220
0.8002077429 0.9925408884
0.3381835883 0.8893260917
0.1151282773 0.9579223778
0.9972148645 0.6120126192
0.6422794455 0.2149059227
0.2025187663 0.5392911502
0.7567015078 0.6194562041
0.7799756708 0.2017384216
0.5807931011 0.8176572632
0.7624222154 0.2297678588
0.1184090373 0.8867191900
0.2580031191 0.0753290337
0.7472376276 0.6321919305
0.6613345273 0.2028002653
0.5593159520 0.4759431890
0.3028086876 0.4790103552
0.7538733115 0.2285094180
0.6965760391 0.4844041816
0.8622136700 0.1926957709
0.2202263622 0.6330667771
0.7096811686 0.6910579305
0.8731455031 0.5350851788
0.9084060836 0.8282310089
0.5770538712 0.8377068808
0.2241929164 0.7048010831
0.8577536777 0.1130180348
0.8382666150 0.8650038232
0.5902231742 0.8766334191
0.1277094408 0.7651585702
0.8966497524 0.4937746997
0.2275800385 0.0189877373
0.6337854947 0.0493967908
0.9638185614 0.5587001592
0.0430822287 0.1028272004
0.0229783032 0.3912321019
0.0180695170 0.6668317503
0.8789131210 0.9619838781
0.9958866446 0.1191907975
0.4198672899 0.5945501099
0.3311842990 0.7412253683
0.7191232927 0.8911576202
0.2847500821 0.6948511066
0.8520095971 0.5553227600
0.7385444712 0.1412684236
0.8531082012 0.8612295342
0.4085343784 0.1601780095
0.2625410463 0.8851618751
0.3717615569 0.7938657660
0.7720587794 0.4758543821
0.2001165403 0.5248289847
0.2892640731 0.5585833550
0.8449264836 0.1258386818
0.5261388674 0.4107073024
0.1381161766 0.5165957521
0.4067013667 0.1611031559
0.4661172812 0.7005213479
0.7184122434 0.6580527868
0.9696092451 0.1656033431
0.7036308043 0.9447135835
0.2280316120 0.4970402153
0.4107578279 0.0267460950
0.0731685325 0.0879427235
0.6796657307 0.2228953521
0.6858590190 0.7778539030
0.4731694266 0.3154312037
0.1319217606 0.7657260030
0.3063772228 0.3511677360
0.0916782459 0.7109790035
0.8013429436 0.3465619549
0.4282653659 0.7345728800
0.1071335612 0.5622228016
0.4180334035 0.0316258671
0.2422313354 0.1662829403
0.5976557737 0.0600013651
0.9700392384 0.6509358600
0.7940886451 0.5529448054
0.4216833891 0.2080786328
0.6669852757 0.4497234976
0.5184951488 0.9372895550
0.1287457266 0.9093566258
0.0997796012 0.8073534394
0.2811025101 0.2660132766
0.6601682130 0.1626929128
0.1683070723 0.0853153177
0.4805370614 0.7754936380
0.5243113458 0.6876924364
0.4425272308 0.2957433089
0.5583923943 0.5131229653
0.2137346925 0.0549633443
0.0116536716 0.2664345261
0.4018524577 0.3997553835
0.7256181756 0.7600045591
0.0754483072 0.5035728008
0.0237419663 0.9974298403
0.5636947853 0.0837382107
0.7525323070 0.4648989192
0.3289077208 0.0886581990
0.1935641823 0.0546834030
0.8160397063 0.9825466726
0.7979851456 0.2177655685
0.3372634607 0.4904015543
0.0113196157 0.4287099293
0.1442844995 0.6818079669
0.6920475662 0.6070280900
0.8181756031 0.5033602412
0.7666294833 0.8823261741
0.0696181143 0.0329798033
0.4609673473 0.1950648631
0.0623546897 0.9548530969
0.3478903365 0.3281460237
0.5642255400 0.9864273229
0.4387342691 0.2949083845
0.8131031467 0.9582105667
0.9188815354 0.0388523151
0.9564921291 0.1827252511
0.1550647166 0.3327681422
0.8256087126 0.7911802746
0.8613958928 0.6189971415
0.8539999097 0.0004637134
0.4887789770 0.6926425675
0.7873867294 0.2608827091
0.5848524730 0.0554801570
0.7523229531 0.3297050606
0.1508857573 0.4374336276
0.3787936880 0.0616353988
0.0982885687 0.8681155510
0.8569108602 0.3696594919
0.1739638152 0.6505045294
0.6937359772 0.6232160992
0.7916059625 0.1467045605
0.0251442521 0.7532493699
0.7560248174 0.6191720218
0.0834907967 0.3555746136
0.7312402768 0.7896875474
0.3743819994 0.0122757107
0.6622109955 0.6020421390
0.4558456250 0.4005261297
0.9285864566 0.4656005401
0.5922981382 0.6483261842
0.4673749808 0.6783601554
0.3217376142 0.3107953065
0.6340302480 0.7501988637
0.4456700208 0.7615386574
0.8933044968 0.2674675360
0.7907143526 0.1584431523
0.9564294053 0.7173859215
0.6048202786 0.2070455763
0.7982169259 0.7814843640
0.6005619677 0.7641568970
0.2322961830 0.8929166745
0.0691534025 0.6807479692
0.8409234664 0.1325384308
0.2136749648 0.0843894898
0.5405667336 0.1779810090
0.5309434224 0.6300346657
0.9852328806 0.3983244314
0.6929568417 0.9878835932
0.1613636795 0.4133420173
0.2914007904 0.4172251298
0.8215043254 0.4354932614
0.5670864070 0.1124811363
0.8397356942 0.3676165434
0.0107889098 0.3331056231
0.4823994071 0.8384980833
0.5832154433 0.8171084913
0.4099018502 0.7321898710
0.8565651131 0.3688504825
0.2910102326 0.1842580087
0.6671481799 0.6669631575
0.9972619912 0.4630053145
0.7078326902 0.9584092148
0.2433170201 0.6729341644
0.0140146747 0.6153774446
0.4584142974 0.0197302866
0.8105630821 0.9940934470
0.8158869035 0.4094515817
0.4643230142 0.9519527079
0.7752146423 0.4532196272
0.3183308077 0.2372182114
0.7934062079 0.2871016485
0.7742000847 0.7683579140
0.6541929469 0.7757586224
0.1533092156 0.8627299295
0.3314396742 0.4128812973
0.0728078303 0.1686861783
0.5954068220 0.8170908730
0.3860206727 0.2891868178
0.8753398445 0.0520295215
0.0386414777 0.4267554278
0.9720915328 0.0803374621
0.7865455367 0.6279435546
0.3376282592 0.3755491667
0.9007511444 0.5254586420
0.6951988000 0.4330602005
0.4826838382 0.4425887839
0.5280291768 0.6617776799
0.8055747046 0.3082540478
0.5653647721 0.0615784980
0.9074213023 0.1233837259
0.1986269382 0.3805438074
0.0674409239 0.1073214728
0.3073525842 0.5765878099
0.1145464386 0.9686871535
0.9925898293 0.8555611400
0.5910209888 0.2295259314
0.8048590012 0.1024804209
0.2083333352 0.7257019348
0.2398726043 0.7619732452
0.2508231810 0.4247139287
0.9984673553 0.7439547305
0.7128632570 0.7311285882
0.5787249202 0.2657697611
0.8835798992 0.7330498984
0.2578008300 0.4232691483
0.2253178400 0.3593320125
0.5411690545 0.4761933809
0.1700902095 0.3895972126
0.9772252217 0.3292544638
0.5317445540 0.8621608421
0.5543055833 0.3695209737
0.2175783665 0.3721806415
0.8044586893 0.0557077879
0.7346615966 0.0959545448
0.7065986598 0.3582697915
0.9692596193 0.3242195940
0.8565630820 0.4547931021
0.4899432592 0.8512239979
0.7325918658 0.6891688226
0.1146805066 0.8788156550
0.2660812011 0.9061414399
0.0948034791 0.7934855084
0.5850002894 0.2395406395
0.6004712300 0.0391091947
0.7666864704 0.7245024613
0.9478401412 0.6731581924
0.3482568095 0.1792548449
0.1837872250 0.3522122756
0.8466017067 0.9470305122
0.3312247707 0.8551944410
0.8540128326 0.2606372026
0.2618866438 0.8106590616
0.8924006889 0.0409248284
0.3520909628 0.5262615223
0.5022933532 0.7126356459
0.5791560059 0.0457551536
0.3590245834 0.0300597908
0.4729421950 0.9903633306
0.3800800834 0.3106987795
0.0138237161 0.1588554031
0.4845489126 0.0653483806
0.0418002136 0.6694588480
0.4813654499 0.9310098525
0.8798902446 0.5033097935
0.0844545612 0.8867695590
0.2012830642 0.8937036750
0.8887646281 0.9680387796
0.6522713989 0.9872620753
0.1951037662 0.3787307068
0.7467330410 0.0414056148
0.7339272190 0.3831444717
0.4542644443 0.2018972593
0.7982073665 0.0012752713
0.3177229218 0.6873040031
0.2869450412 0.0941692699
0.7701205219 0.1262139112
0.9851368094 0.7333523680
0.7690081139 0.3665747787
0.2829714485 0.7534827007
0.8411010137 0.7402617025
0.8317609497 0.6947455753
0.5341702830 0.4730973263
0.6725422528 0.4632335728
0.8585004334 0.1778519335
0.6788483137 0.9583952250
0.9289501666 0.2019957702
0.9038234824 0.8463108538
0.4878072495 0.7298635361
0.2765438194 0.7110830599
0.9680131974 0.8508713606
0.2075104767 0.4928499059
0.6708388036 0.3620362937
0.9541575718 0.1329517635
0.2698199950 0.9514797514
0.3019235839 0.9454716083
0.3465861691 0.2557826867
0.8227944226 0.5739541660
0.9686116229 0.1588401485
0.0591902166 0.6733931232
0.4158082543 0.8201348664
0.2182902174 0.0029645240
0.3484242514 0.1063581535
0.3401031028 0.4211423656
0.8700751486 0.8745244844
0.8116633220 0.4652243520
0.8306593342 0.5947716995
0.0356824625 0.7104449979
0.2126837003 0.4359241610
0.3593354826 0.7362815509
0.4987356516 0.7166241280
0.1578944891 0.6100056593
0.6837881409 0.3470902646
0.0101446934 0.4109748756
0.2603781737 0.7288280669
0.3624464794 0.7928231225
0.4705385601 0.8590756329
0.2030259334 0.1661924382
0.1655138864 0.9192535824
0.7337583240 0.6933519883
0.4746855788 0.4777339024
0.4400499087 0.1053356146
0.6520067302 0.1038701575
0.0557905532 0.9322639889
0.1749009593 0.0130256839
0.3408003286 0.0694136075
0.7645229026 0.9536750590
0.1332529754 0.4782289689
0.5349529224 0.1923355296
0.8959345346 0.7259814996
0.8052169463 0.8271437046
0.7668686824 0.6851745946
0.3682448361 0.2476704775
0.5908532078 0.8364121447
0.7142430202 0.2599330852
0.6440722904 0.3233521228
0.9837759485 0.0896175016
0.6862511080 0.3172451766
0.6161528575 0.7093771588
0.8120600894 0.9101976506
0.0071803670 0.0946700472
0.6225400040 0.3369026425
0.2749191035 0.2631910212
0.6098801713 0.9533017828
0.4248718787 0.7477630646
0.2666889697 0.0893619875
0.8513181340 0.8380354948
0.6985214355 0.7209121401
0.4762806287 0.7333689266
0.0295295101 0.4225876327
0.1746735858 0.8226680629
0.5007932138 0.1179708858
0.5591739736 0.3970699315
0.5750966630 0.9671855361
0.6468055964 0.8390104479
0.3373724422 0.8583312144
0.7965276904 0.3451944859
0.8425068295 0.8601313981
0.3602748328 0.0020818637
0.0533603979 0.0168931950
0.8736898056 0.1809124678
0.4937878857 0.3267130107
0.8595039154 0.3005579993
0.4965676615 0.0687389950
0.9931178266 0.0485556286
0.4611802904 0.1804256217
0.2636613723 0.4745733584
0.0007368009 0.9771590349
0.7409172036 0.7446120970
0.2993533785 0.4743933949
0.6017664588 0.3988327259
0.1321581398 0.2104916673
0.3305965391 0.0351574609
0.5726363339 0.7487998748
0.9352993025 0.0125610258
0.2244802352 0.4606323161
0.2550066091 0.3368629792
0.7511109766 0.8934877750
0.9223128677 0.3739625772
0.9540647914 0.2446698460
0.0954436334 0.4712672820
0.2755621118 0.2240592662
0.1602200280 0.0123265524
0.4338792868 0.5898536599
0.1959135343 0.3536202675
0.6655490100 0.0386546416
0.0992991391 0.7659001074
0.7678942266 0.4734784661
0.3415391317 0.4441114651
0.9997633344 0.3704273366
0.7760884204 0.8040220706
0.3741667473 0.3333545442
0.0830958720 0.5824946194
0.7025802876 0.1094252146
0.0075887639 0.4570044159
0.8571685932 0.2504832464
0.9608069229 0.1316364583
0.5063074902 0.1983889505
0.1427433234 0.9253856222
0.4727738704 0.7091327608
0.8395951052 0.3466978158
0.5758369368 0.8067025621
0.9618723713 0.8905358939
0.9470785959 0.8878626464
0.0138622435 0.7331366908
0.4713813765 0.3905721520
0.7592827942 0.1950688705
0.3099956787 0.4659266985
0.9782377880 0.7533027682
0.4035896160 0.1036187011
0.8411708134 0.2498817330
0.7199928626 0.8676261143
0.2147967631 0.9079248193
0.9529489263 0.8182135875
0.6315627521 0.4292811016
0.8292596028 0.3835409329
0.5006251526 0.1006481566
0.9439564687 0.0310026084
0.1573458667 0.9366156018
0.3679977763 0.0608438526
0.4573183466 0.5635582170
0.3615368273 0.4608729050
0.0852643585 0.3123134943
0.6158973672 0.8309548025
0.9207205361 0.2951201579
0.2505586585 0.3813695308
0.5766023095 0.0471278716
0.4936469488 0.0220126477
0.9159911122 0.8807718788
0.9712822338 0.4016103276
0.8492528978 0.3317140991
0.6078045187 0.1909643035
0.1259426869 0.1530636572
0.1094271997 0.4421575501
0.4537117156 0.5420015468
0.5320733476 0.8379211859
0.9747631803 0.2185004631
0.9427851380 0.2711013393
0.7623996542 0.9187716316
0.6377210030 0.4278906850
0.5786270400 0.1381163705
0.4485336115 0.6328511960
0.3102946428 0.7710843770
0.9703364861 0.6191440664
0.5563577004 0.1967667563
0.7956465048 0.5828357247
0.4293351864 0.7441665779
0.3926138453 0.7761011788
0.2530931673 0.1657760800
0.0617868130 0.9474917607
0.8503190719 0.0304447065
0.7219290333 0.8266069069
0.4447989200 0.9442079258
0.7667181514 0.2814058155
0.6732690185 0.6974483540
0.9540272698 0.7376029606
0.0512093465 0.8012348697
0.6959980565 0.7453211865
0.5261274616 0.8992415920
0.5610010435 0.1713532934
0.0276516099 0.0113335786
0.0123503690 0.6134416453
0.5906703397 0.1730632737
0.4364987391 0.8184436477
0.2881450955 0.8485383252
0.7104566892 0.2770867305
0.3141690693 0.6427188271
0.8914228165 0.6105661520
0.2063669634 0.2769153175
0.5944319559 0.7927107798
0.7915710803 0.9674933215
0.4498234952 0.2924406186
0.5451951941 0.7563900756
0.5288730630 0.1916734323
0.9262830893 0.2209029257
0.3930123217 0.3326496296
0.7856074516 0.3559417148
0.5206579884 0.4353441357
0.8558602790 0.6778270592
0.1163359778 0.1261662193
0.3958931714 0.1732257092
0.4444976562 0.8139565282
0.9351335466 0.2659362369
0.7375250427 0.6448126044
0.7605970698 0.7973979122
0.4896370415 0.5245453511
0.0514302311 0.6833669651
0.3867995395 0.0517849411
0.1887916199 0.4854943828
0.1923150017 0.0178012881
0.7698665797 0.8446691130
0.0278781214 0.2378053307
0.2262322545 0.2986642406
0.5210406701 0.1901403154
0.5166480825 0.3662701455
0.9647188729 0.3866802982
0.2530949715 0.6193037150
0.7997688846 0.3301801053
0.7593275532 0.6162574831
0.3770551558 0.8175529972
0.5244304000 0.0188714106
0.9647044787 0.8739567720
0.6623904274 0.2195571329
0.2406444051 0.7211273135
0.0340430760 0.7327850083
0.3027646360 0.2467784776
0.5131405783 0.2644837625
0.9138350000 0.1226600773
0.1756766408 0.9530309126
0.3802468457 0.2279981778
0.2641254097 0.0294414232
0.2978131880 0.7725562377
0.7183300258 0.4431017921
0.9368908388 0.9368319291
0.6880032505 0.7774036187
0.7987286043 0.9759159700
0.7718526608 0.4315793886
0.7121695354 0.3411326634
0.1747429301 0.6607507415
0.8199981606 0.8603071944
0.6040430843 0.0207302722
0.9049600037 0.5364672091
0.2592674149 0.5384947428
0.7003933454 0.9057024785
0.1122242836 0.5021556215
0.2338566800 0.1173492550
0.0207139324 0.1876535419
0.4423180466 0.7754257354
0.8369178285 0.9401402295
0.4143474373 0.0080612224
0.2511024399 0.1152819211
0.0635400981 0.3488232346
0.7598360378 0.1262969187
0.2024171440 0.0147714956
0.9499553565 0.5009745278
0.2354100688 0.5639849298
0.3463555359 0.3373117495
0.9614355368 0.5672689200
0.4027478434 0.2716827822
0.0263190585 0.3562628227
0.3430319094 0.5046433011
0.9719617522 0.5964461697
0.9612029269 0.5411874233
0.1325276545 0.0656672761
0.6126418883 0.6629540946
0.1926071137 0.2889478708
0.1963037498 0.8035466900
0.2040991179 0.8226635982
0.4681115149 0.7164283848
0.4087631384 0.5747476351
0.3523607797 0.6460932968
0.7446981351 0.1757358272
0.9511050951 0.8400345208
0.0841408928 0.6024017045
0.3352431326 0.4563199816
0.6755240978 0.9688842940
0.3769939364 0.6971180710
0.4419169968 0.5472125973
0.1496026778 0.3682979203
0.3428455106 0.8045768718
0.6457985959 0.0529819891
0.1374710344 0.3930993237
0.8330710469 0.1796032293
0.5569777514 0.5745315727
0.0250429599 0.2049047572
0.8798675624 0.3802630286
0.5416039863 0.1795054684
0.4368506953 0.4159479952
0.3921089145 0.5028104459
0.2510773477 0.9445992385
0.1922073387 0.0693163062
0.8473929022 0.7712541664
0.3500315021 0.3895330615
0.5463271496 0.8047237365
0.2497059484 0.1105324759
0.9601668380 0.3174213695
0.5893212622 0.1126605231
0.2543050695 0.4670020815
0.9961313211 0.0834483070
0.3759496132 0.3978406037
0.6755316207 0.0507035299
0.9454009439 0.3049469499
0.8484610689 0.3636577615
0.0854848194 0.1581952961
0.1904293593 0.3303092699
0.4221620104 0.9550955205
0.3053275958 0.9653657855
0.5633044242 0.8840655731
0.7159893995 0.7149348505
0.3546638194 0.8394651070
0.3208359847 0.2760696918
0.4860915115 0.2835249961
0.0374458564 0.5582369726
0.4412394606 0.2073748805
0.2302046720 0.0730016465
0.9799268310 0.4062798477
0.2273383027 0.8011614569
0.2445198235 0.0139067869
0.4895150270 0.8899056756
0.0747919622 0.1742768937
0.8401318391 0.2130622109
0.9507808616 0.0694631730
0.9064789002 0.8059836040
0.3000431691 0.4221820692
0.1175546687 0.4361591349
0.8464987595 0.6798096292
0.2423249755 0.1885028248
0.7040275096 0.4995087644
0.8871448271 0.9651097983
0.7985824533 0.9540598013
0.3908039932 0.9915997593
0.6202441478 0.4628674373
0.0784398336 0.0237548951
0.1978050788 0.1228293785
0.4533934424 0.5939315393
0.3928744927 0.2204712219
0.4973385400 0.2192357537
0.7528023140 0.5934819461
0.3311057532 0.7089742798
0.2386380227 0.3465046881
0.9808913224 0.4053992135
0.9084735737 0.6487590499
0.1076852007 0.5645067461
0.5030388750 0.2080499621
0.5035772990 0.5171231404
0.1971051308 0.2004140747
0.5952674746 0.3882856882
0.6530754680 0.8158751493
0.0623782986 0.6264204588
0.3698609610 0.8012616704
0.0692967591 0.5297984304
0.6314610706 0.4657177826
0.5443584444 0.0134815981
0.2154527929 0.8719015152
0.6349318838 0.6708981173
0.4175674520 0.4158756759
0.9493048370 0.9799163794
0.9584705098 0.1239030531
0.8381473470 0.0400656890
0.5529888236 0.1460672383
0.3503302498 0.8214508438
0.2802547359 0.6318680795
0.1528750219 0.9527580376
0.6993766820 0.2174180269
0.4124160204 0.2770759730
0.5981611136 0.9258411173
0.0063370878 0.6324009633
0.8651677692 0.4232415892
0.6330812014 0.7933189655
0.2658054712 0.5072280447
0.5461934911 0.7580093248
0.5369754053 0.7542714772
0.6344946294 0.4724036653
0.6868809282 0.8667950465
0.9756632605 0.8699946960
0.8886534259 0.8298292512
0.8326357713 0.9725233020
0.5216859342 0.3455060950
0.1530591736 0.2315965177
0.5698032670 0.6612313182
0.7911399228 0.4160705154
0.1810812159 0.3695056821
0.8925826603 0.4712995196
0.2671473310 0.1988761442
0.2802114114 0.7975677938
0.6621189506 0.8399400758
0.5177663327 0.9673689436
0.7348452342 0.8619161097
0.6379842337 0.0789564177
0.0361380610 0.2385688361
0.1182478247 0.8819395752
0.0029933926 0.2967576853
0.4935740113 0.7812686117
0.1629924469 0.4404029823
0.9207996586 0.0837337784
0.7918798385 0.2534051908
0.0365704136 0.4436124715
0.5044726941 0.1765504575
0.4664122186 0.1613495419
0.7870538347 0.0482870173
0.7709365228 0.2593981283
0.4176669177 0.0369403961
0.5175876027 0.1798342367
0.9963515347 0.5498397690
0.1720840191 0.5499648831
0.4300128519 0.7241384379
0.6399002086 0.6946012767
0.4453855935 0.1714704431
0.4387380147 0.7179964027
0.0822854479 0.5624069108
0.2120709569 0.9187336644
0.3255466208 0.4801850104
0.4911904715 0.5539485400
0.6166301598 0.7230091696
0.9979853575 0.1907367454
0.0985470176 0.7562672227
0.7544167135 0.0616662191
0.0985249645 0.6050565093
0.0463561834 0.8573190856
0.8477600428 0.6584415131
0.6035985448 0.2754023486
0.7805689911 0.7968360533
0.0908908596 0.9480112899
0.8882806503 0.9543114584
0.1824462262 0.6774028058
0.6059454979 0.7149652389
0.0166468540 0.1685223991
0.1871865773 0.8847672380
0.5889421519 0.2991989930
0.8700170722 0.7452699760
0.5014443162 0.3677353660
0.9028164156 0.2632772901
0.4656941679 0.3809592624
0.4868009525 0.1499299942
0.4672316219 0.9894598590
0.5730068041 0.1577219340
0.2551339623 0.2878716434
0.1114075108 0.0171561882
0.5644662970 0.8370793061
0.1190542312 0.5956358777
0.5427340327 0.2057225850
0.3912107059 0.9186483889
0.5971368421 0.4305809602
0.4805083102 0.3842064103
0.3279599413 0.3215088345
0.9230930859 0.2302580468
0.4133724170 0.1682605568
0.6802592883 0.6277740293
0.5067696667 0.6869481826
0.1328653860 0.6948061270
0.4863680916 0.7180588949
0.9823448323 0.5243394652
0.0047591259 0.9561829683
0.1237674799 0.4140462735
0.8108136429 0.8756847881
0.0687594318 0.0833366676
0.5984142134 0.7027211006
0.5558608916 0.5845741790
0.7676063653 0.9999923337
0.5624201399 0.8429256153
0.9450994968 0.3787563073
0.0350208855 0.3307255674
0.3372452356 0.3918706507
0.5534122183 0.9630622422
0.1616732248 0.6877081871
0.3935551780 0.9127253672
0.5435466299 0.3045323012
0.0797364026 0.0888647288
0.0243718538 0.8794948506
0.5417567539 0.3887549789
0.8826244816 0.2739840443
0.3747341241 0.7461224494
0.1809825318 0.5542865247
0.7297086963 0.6281866051
0.8718704864 0.9256748295
0.6994592869 0.6299461384
0.2772369415 0.9663361327
0.9877720191 0.9957924985
0.5227124878 0.2928694444
0.3173470787 0.5461278008
0.7792932015 0.5797496072
0.8792126597 0.9017856532
0.6179571237 0.1225979817
0.0771481030 0.6651360887
0.7592331469 0.5468413130
0.7166615845 0.4558311954
0.3756080253 0.3623971646
0.1982536837 0.9235662388
0.4144314213 0.0802584647
0.0382394654 0.9958504538
0.0633143687 0.1033463424
0.3706385628 0.3390574456
0.8851078034 0.7092538289
0.8904082973 0.5715469474
0.5613098653 0.7227917496
0.3375170100 0.5890529301
0.5597458671 0.7930474201
0.7574334279 0.7576388653
0.8220126303 0.8223516024
0.3361806946 0.9088863349
0.5384107905 0.8553226180
0.4708021632 0.7562481836
0.7031546639 0.2042195319
0.3365216879 0.9564242679
0.0928172338 0.5356145312
0.7741814595 0.4318576219
0.7825342158 0.2448388214
0.1990473390 0.2027068148
0.2168458252 0.6072665490
0.9305839076 0.8248659270
0.2815820622 0.6581700566
0.0451152715 0.6036140138
0.7347366077 0.3362820809
0.9663642240 0.1388144239
0.7226225618 0.6218724191
0.9528827122 0.7705503882
0.1541414015 0.4433002678
0.3746149412 0.2945944024
0.5585129047 0.4422159194
0.4051551062 0.8369937979
0.0763488896 0.4288630459
0.8566809964 0.4785161137
0.6382372369 0.7611399800
0.6967475506 0.2946518631
0.8829831391 0.7350540855
0.5714586882 0.3576835366
0.4253174176 0.1206419433
0.2424180178 0.9458203211
0.6642894147 0.5355144904
0.0921702213 0.1933912338
0.5528933366 0.2811089552
0.8246760339 0.4817188627
0.7588902313 0.1137434535
0.2247333358 0.7855566057
0.2063130897 0.0467202414
0.7045075558 0.4852071699
0.2890376527 0.3596697093
0.0401464664 0.9635268871
0.7969171695 0.9392505462
0.2594827599 0.1613415813
0.1028276656 0.5134160038
0.6332748643 0.1107821855
0.8075941852 0.1220146913
0.1952275557 0.9512516719
0.4443890863 0.2594123044
0.1547276831 0.2324107108
0.9705774212 0.9345401837
0.6370207955 0.3004521201
0.5502829701 0.7745812816
0.4190023208 0.2692271538
0.0600668317 0.6709535710
0.2590002309 0.9390662030
0.2327701220 0.7281904063
0.1480455625 0.8389754152
0.5787195432 0.5938215837
0.3337239656 0.4734403802
0.3144539826 0.1137201249
0.8353626521 0.2548197392
0.6433764221 0.0369962247
0.6771487236 0.2579285181
0.1246164709 0.1643703787
0.7783015196 0.3815995597
0.4430426226 0.9139457735
0.0121139759 0.6951768630
0.3432844345 0.0576919152
0.9776004751 0.8374259810
0.2459752568 0.1210023756
0.9227453059 0.9959877432
0.6392655717 0.6382934623
0.2118938554 0.6560932177
0.1876710813 0.8993456827
0.5472143765 0.4695053173
0.6260328864 0.9186604903
0.7971585086 0.8994346671
0.2422901458 0.3383744054
0.5127020216 0.0591038443
0.2225561665 0.6791121723
0.9482762832 0.2953530063
0.0182843807 0.2631143410
0.3339302597 0.7854615547
0.8448188593 0.3977071223
0.7548341532 0.5878839104
0.2582351262 0.4239311834
0.7522819799 0.0859930082
0.7983251765 0.1159113230
0.6316721986 0.3146186709
0.0744211507 0.8923224515
0.1181223530 0.0682823950
0.0986620429 0.8503201876
0.3424850999 0.7425676146
0.2421194337 0.9223149103
0.3176935013 0.0186463419
0.1649079706 0.2632291721
0.5743485384 0.3668774422
0.8201287029 0.6787535779
