0.8933700857 0.5427456320 0.7379118810 0.2723088838
0.6662197571 0.3346359571 0.4400616543 0.6401047947
0.5063863516 0.1635005630 0.3103382230 0.2293389274
0.0491177752 0.8310338117 0.3860935057 0.8500947570
0.0490912839 0.8410314129 0.5784028340 0.6060158245
0.7945123374 0.6508636081 0.0629575560 0.1357470147
0.5962053729 0.1654339457 0.8158911426 0.3186953797
0.0180914196 0.7135059802 0.2096347030 0.7745006250
0.8988680732 0.7833759132 0.9126952259 0.0031771751
0.0425700729 0.6642580541 0.5768094727 0.1890755855
0.7654946164 0.3435361778 0.7535106170 0.0088246155
0.8934596964 0.1873770499 0.3962438630 0.8526250652
0.2312596709 0.8396605480 0.6049335442 0.0991151891
0.8646117537 0.7849827930 0.1688769591 0.7076533783
0.0314426488 0.7767290443 0.3545918815 0.6882728961
0.2912733641 0.4751594792 0.3820064101 0.2370566898
0.7364300283 0.5990410018 0.9066644042 0.7168806443
0.8622087519 0.5817506717 0.4825719313 0.0287050195
0.5100402013 0.6647270532 0.7626756932 0.9519359440
0.3635551815 0.0650241256 0.4420665903 0.2194001020
0.9828132742 0.0092414560 0.4305319278 0.2581980338
0.9382891648 0.2353862355 0.2112349801 0.4391169971
0.1474173211 0.5618255177 0.1049363721 0.3501936697
0.7387844867 0.0968917977 0.0433257739 0.1613292914
0.2691372820 0.3918376787 0.0818578605 0.1695884146
0.1191297993 0.9887829833 0.4615155852 0.0463844025
0.0283331745 0.6635271034 0.9739554302 0.3637660775
0.8163161475 0.5459655107 0.9236709984 0.8394870431
0.9103445761 0.6293779410 0.4332447277 0.8352269826
0.0970279604 0.9534827882 0.9737559706 0.9595264775
0.3891672233 0.8939032866 0.8382114616 0.3393899585
0.4389361600 0.0624718130 0.4153695308 0.1829355838
0.2696316271 0.6411559609 0.7951923168 0.4357128040
0.0310697973 0.5838794622 0.9501337514 0.3215221789
0.4951780846 0.7017281247 0.5184250926 0.8595339929
0.6677701962 0.8362290067 0.6680702093 0.2092564582
0.9402951459 0.5623080106 0.4106111609 0.7242825430
0.2560997479 0.8909392293 0.6819891582 0.0174435191
0.4490644795 0.7977972739 0.9942950748 0.3107823033
0.0142422624 0.8529909141 0.4205735121 0.1169166973
0.5185351971 0.1005043920 0.8738483207 0.8099130825
0.3672853334 0.6751684014 0.9651153323 0.9450192185
0.1902187842 0.9637490863 0.4053068116 0.7373252584
0.3918805671 0.0034994028 0.4951235792 0.7936404196
0.9670428491 0.3586632973 0.8524141384 0.3871666086
0.8963194473 0.9950761150 0.2589352939 0.3194006293
0.4583816242 0.5574500313 0.7950809776 0.4187090940
0.6720752208 0.0470274396 0.3417958843 0.2244301765
0.5079493763 0.6446549182 0.8753385571 0.3704267591
0.0891441956 0.3098154097 0.4395124955 0.5536192976
0.2679012797 0.5049537186 0.5588865195 0.3965902659
0.2077510627 0.1340099152 0.8948346237 0.9730683511
0.3720456057 0.6817348278 0.1508845277 0.7568095104
0.1503992997 0.9530219256 0.9219575156 0.7586501049
0.4365767782 0.7539351336 0.2069135405 0.6607261682
0.6386830545 0.6169186943 0.2992068614 0.4164112390
0.3931028738 0.5399337459 0.6937409968 0.7791587809
0.3681509253 0.1228882133 0.2437958531 0.8357919809
0.7553219966 0.7330953626 0.9146340840 0.7691494957
0.5123837185 0.0605957970 0.5649686441 0.9295757507
0.9615025509 0.9207362731 0.3734782968 0.2252475799
0.6092098590 0.7828893372 0.7658045268 0.0731725162
0.5172640825 0.5983843081 0.8093395094 0.9151063252
0.8603424979 0.1981518075 0.1846354820 0.8796317292
0.7417674548 0.5871490079 0.1827525533 0.3121953272
0.5786927802 0.6073712009 0.5189049659 0.8365770468
0.5371921787 0.2325663413 0.4503280844 0.4306943166
0.8829524269 0.5206869155 0.2048047158 0.7306708982
0.1103540596 0.8608670673 0.0836933757 0.2672571312
0.2277222171 0.2695382496 0.9351704454 0.2393393117
0.3505247904 0.2137202244 0.9913675665 0.2389328663
0.7786387392 0.1652649283 0.0903169913 0.0534028127
0.4628892893 0.4839356283 0.4720342299 0.1602776570
0.3530681797 0.7314735459 0.8718893010 0.5271044299
0.9191191924 0.6503120301 0.0721984673 0.6569953299
0.8413660586 0.3924831934 0.8363281383 0.0213055188
0.3702010733 0.1827430697 0.3085686962 0.3105698262
0.2371022307 0.4205855460 0.1204227373 0.4927741451
0.2499644176 0.4124113782 0.6374863549 0.8272564579
0.3031759288 0.2226302344 0.5662343808 0.9613621720
0.1288952662 0.6105870424 0.6424665253 0.8387555822
0.7993715680 0.0177287994 0.1453528040 0.5737728990
0.3262065523 0.2553245302 0.8300484252 0.4640013446
0.2306070686 0.7812730102 0.2168211059 0.4586995162
0.6337069312 0.5329542450 0.6766236707 0.4503696752
0.0869637545 0.6890024169 0.7858298110 0.4416243993
0.0562422979 0.2784957361 0.1670803436 0.5877546941
0.7838315961 0.9011810726 0.9058762162 0.7323741017
0.9145818754 0.3527456111 0.3039768595 0.4192355004
0.6659074722 0.1727357265 0.6699441245 0.6655599381
0.1109134256 0.3754300329 0.4539488801 0.3138101779
0.9762712279 0.4916744527 0.9153774449 0.5598106580
0.9414768406 0.6993004717 0.8962650323 0.1140573563
0.6380764350 0.5316126621 0.9976132176 0.6550784909
0.7695619588 0.7002915449 0.2219706244 0.0722385593
0.3996376286 0.2029835589 0.4152375409 0.1808216245
0.1218802361 0.6014938561 0.6404394346 0.0769943598
0.7941282267 0.1973276366 0.0088054540 0.1705572055
0.7806534670 0.1022309376 0.2489237233 0.1872340049
0.8122484066 0.5538363928 0.0067434576 0.9974667497
0.7235503049 0.1563240925 0.1688687676 0.1901392248
0.3559823336 0.9406792552 0.0062102760 0.1576737312
0.8051692431 0.1559880117 0.8073213778 0.4568152398
0.7985536913 0.5260980359 0.5212687598 0.3405150690
0.0845864755 0.3231235532 0.2053816822 0.1845472638
0.3031108174 0.6323562004 0.2288345265 0.0848219167
0.1205467937 0.4984770330 0.4565998595 0.9544527796
0.5439692217 0.9316134016 0.6529923660 0.7417743911
0.8235671278 0.1028105550 0.4466196479 0.8830826482
0.3479198975 0.4534286427 0.5464789483 0.2883960517
0.9029201100 0.6267717985 0.8255405620 0.8800374262
0.7781527307 0.9147964115 0.6937928920 0.2140081564
0.5314328460 0.3484012686 0.7381450216 0.7761299234
0.4608475526 0.7140194614 0.7844192968 0.6849465717
0.6418960499 0.8251832248 0.5437726852 0.4837858476
0.7836069201 0.5297755180 0.8093557830 0.3357405922
0.5596142098 0.6141348217 0.0847010864 0.1338113081
0.2553858527 0.7389250014 0.3688061356 0.2972736875
0.8506902337 0.5243477041 0.8889501809 0.5311756365
0.7317428128 0.0653068337 0.3288820278 0.5509600102
0.7911855110 0.7294063408 0.7204230845 0.4301300955
0.7359707684 0.9085946715 0.2657146988 0.9610471881
0.8306351666 0.3720152835 0.6662663354 0.7210606853
0.1987067397 0.7411854672 0.0942823375 0.5371854080
0.3343647392 0.9330780013 0.9565904929 0.8253829965
0.3096800122 0.5063540676 0.3124748512 0.6644069847
0.9432504809 0.6781586374 0.5911932250 0.0620205957
0.9065144892 0.8974114252 0.5314597683 0.3189604747
0.5190618976 0.1906583699 0.5432280059 0.4061913760
0.0337251884 0.2871313442 0.8286031499 0.7297760164
0.1124507076 0.5525142890 0.6500915737 0.9920188329
0.8994645228 0.2948255874 0.6098315843 0.1899494351
0.1095890736 0.5822535646 0.2026637372 0.7740151040
0.3749434765 0.6700127244 0.1512917687 0.2197410095
0.6198295425 0.8133458937 0.7544655798 0.8573995861
0.9112733057 0.8530786884 0.6894542763 0.9054636641
0.4962312047 0.0538856009 0.9659431391 0.2517665296
0.0798473877 0.7415023068 0.0613655251 0.0073100288
0.1956410489 0.6258616270 0.6565859034 0.7625451570
0.2054144948 0.8619239152 0.2020972113 0.9277397938
0.3756640635 0.4945604320 0.1445268556 0.8817460081
0.9614676761 0.5728936386 0.3332631138 0.7552220439
0.6688061665 0.5717394193 0.9445911119 0.7302023666
0.2862521410 0.9852304516 0.3963294424 0.9889340274
0.3763464260 0.6588027945 0.6225212634 0.6402129588
0.8127623088 0.8400227388 0.0800607162 0.2080729206
0.9011058425 0.4409307654 0.1831176756 0.8389029846
0.3931747413 0.2013855582 0.8908525356 0.7931018261
0.5670302230 0.4293045863 0.1752199006 0.9388652957
0.6148011721 0.9375927746 0.0525318215 0.4678041920
0.2102242307 0.1432981358 0.4287548884 0.2057303942
0.4253089336 0.9704694638 0.3207128189 0.9751715703
0.6962740121 0.3649803563 0.6777639031 0.5463765419
0.6267598936 0.5259138616 0.5519608667 0.5013804179
0.7718888881 0.2987102370 0.1489208700 0.4497637187
0.9058576865 0.4926463753 0.9868563430 0.4493072877
0.4413956393 0.8470565405 0.6249225040 0.8991938635
0.6861842967 0.7378187066 0.8811490667 0.3063167133
0.2441319004 0.1655602732 0.3983950754 0.5148835072
0.1485388692 0.4944073043 0.3163982211 0.4888859187
0.2967271727 0.5949259027 0.8410218135 0.0356327232
0.7898505689 0.5657652872 0.7448590388 0.7051873966
0.1772614393 0.5753112551 0.2223736555 0.1968898137
0.1001072957 0.0018959402 0.6213138515 0.4204099724
0.6315307462 0.0023725472 0.7349651976 0.6202795101
0.4929028631 0.8096220929 0.6024151331 0.6771506159
0.0018819774 0.5943952528 0.5374445317 0.3431969413
0.0536236854 0.8494630885 0.2913507192 0.2234397126
0.6959983535 0.6099864697 0.6499442257 0.7490712702
0.2220795754 0.2606446306 0.6784863449 0.4007557319
0.6534129793 0.6597953561 0.6211516821 0.3664448594
0.9270653552 0.3052416865 0.0632904509 0.3048122769
0.8678423938 0.7518000637 0.8794920059 0.6926880023
0.6964340982 0.1267590754 0.4315818165 0.7755352332
0.2494640919 0.3861002361 0.7786304623 0.1946418941
0.5446036974 0.2027187124 0.5593615840 0.3624910506
0.7277551194 0.5020404362 0.5328514594 0.5078663605
0.5701527528 0.5949783306 0.5962305250 0.8380397749
0.2258872011 0.6824847059 0.0123184007 0.4092453437
0.6329600931 0.7453644228 0.3285251980 0.6882791558
0.2843276188 0.2847414162 0.7976984645 0.4936939073
0.7818007407 0.2136538872 0.8445119566 0.7975297886
0.1546554266 0.6739913281 0.3932319942 0.9962972111
0.5791056260 0.0063648539 0.0048171491 0.9584926882
0.8441873331 0.0918092522 0.3543806406 0.3854125253
0.9133041677 0.1546445468 0.8883818039 0.1269630444
0.6004440435 0.2373685518 0.1392394696 0.7244752999
0.7613299411 0.8314439428 0.6133326128 0.6954403560
0.7345562202 0.9428991389 0.2098347224 0.0468764680
0.4648625889 0.5223633771 0.7784894051 0.4685353200
0.7292807879 0.2001947519 0.1642668155 0.9808812617
0.3249667588 0.5377923692 0.4221163814 0.9601385552
0.3396143819 0.4747090619 0.9883173901 0.0987698894
0.3098455887 0.4631773339 0.5953593230 0.1566737474
0.6752670124 0.6782930459 0.9694212466 0.7863674265
0.7993488213 0.9117574172 0.4937096931 0.7138414375
0.8517789161 0.0019426590 0.4805813805 0.8814000265
0.4436828024 0.8410558247 0.9668301309 0.6686739727
0.6563131120 0.5827258574 0.9285795289 0.9835771625
0.6803284141 0.9965245935 0.1598531526 0.0924657200
0.4842518058 0.8226410452 0.4492214197 0.4369467485
0.0816291176 0.0580717737 0.7720370650 0.6881599397
0.2371716310 0.6817891257 0.8836760929 0.7984315234
0.4587157301 0.8415642796 0.3191373856 0.4045048921
0.1104399375 0.4967168793 0.7193779196 0.7629277498
0.4094147316 0.7946128434 0.7980438715 0.0474225999
0.9557946467 0.6983261818 0.0324623117 0.9271810192
0.4724118968 0.7948950421 0.3142838837 0.2921648814
0.1418471052 0.6784798860 0.5508812320 0.8803938074
0.1446347511 0.0955749920 0.4271560888 0.0918485282
0.6645196258 0.1286107137 0.7839502063 0.7788760343
0.3505367867 0.4037064043 0.0871935218 0.1555389576
0.3886886350 0.9368559548 0.4430184139 0.4820680389
0.2196763901 0.4699635630 0.1808813121 0.5019369638
0.6064095054 0.7958334455 0.5494924191 0.4726121808
0.3211663448 0.4248978263 0.8259404521 0.7428216344
0.2050307729 0.4526239191 0.3474321472 0.4320873815
0.3580272870 0.9779526417 0.7400109330 0.2243732431
0.0803598751 0.2315420799 0.4584710457 0.1913344188
0.3640016051 0.8273398499 0.7349361170 0.8361262940
0.9112002793 0.0588676377 0.7214673873 0.3266606773
0.9132460929 0.9365284759 0.3792976143 0.9002128683
0.7460661491 0.3187970944 0.9417209401 0.7007241847
0.7601045912 0.7078969788 0.6431257376 0.9377241288
0.4198833078 0.4818536369 0.4498594215 0.7950764177
0.0779722577 0.5188669015 0.4048702846 0.1585547436
0.9950175194 0.1105023474 0.9677797774 0.5418809864
0.3652015999 0.9880153301 0.3842764371 0.0823427491
0.9478931637 0.1833743955 0.6515181360 0.9657631681
0.0280603858 0.6548977914 0.2309820680 0.8449562260
0.8675928748 0.6737701631 0.2024227300 0.8188997228
0.6275740904 0.5222460611 0.4986432129 0.5754541942
0.7438352303 0.6135532723 0.6498250083 0.1963536758
0.4597293184 0.3236587812 0.6443647972 0.6539452751
0.4492071764 0.6023908502 0.2026623436 0.3631328362
0.6540795173 0.3814417167 0.8271842109 0.6601814572
0.0719225415 0.0689357807 0.4898534673 0.0200174062
0.3910287901 0.3436393111 0.7605656695 0.4003866563
0.1856262718 0.0679554715 0.8006342865 0.7027821909
0.6681445388 0.7777977146 0.6755466309 0.7217821392
0.0226488956 0.8224613847 0.5303622653 0.6829058028
0.9279358338 0.2997923255 0.8477826888 0.3556482536
0.5343964246 0.6003118369 0.2190763648 0.7653119147
0.5090064888 0.6143172422 0.7684035225 0.1744868316
0.7800633488 0.2094065588 0.9855457247 0.9561631297
0.7542305158 0.3360056565 0.1712580487 0.4696661610
0.7159005868 0.4041831285 0.3275924028 0.7379961708
0.5147800235 0.6112880075 0.6098275715 0.3957158765
0.6377768697 0.4973251335 0.2367400238 0.6610831356
0.7829302911 0.5151892231 0.6874128384 0.3771033548
0.6969563049 0.4911434388 0.2996716191 0.6380146255
0.5341290838 0.7524891500 0.9867276603 0.8112249770
0.3542097343 0.6014751395 0.6768715241 0.0653333647
0.8179660960 0.9443327472 0.4292857257 0.4573827527
0.6251198113 0.4752215633 0.3539767932 0.6351256253
0.2017389519 0.8194216409 0.0889952260 0.5630062025
0.1865911913 0.4769076347 0.3004447600 0.7390848930
0.6219996527 0.7484315187 0.0789779073 0.1989033112
0.9772622006 0.8814061124 0.6946602775 0.8094362271
0.3899549401 0.6070164130 0.6001194539 0.9096493323
0.6026968386 0.2405555191 0.4883525685 0.5007744768
0.5265449911 0.4025723952 0.7130062444 0.9323020925
0.3408246901 0.9477831958 0.0444253368 0.7125059006
0.5844248907 0.6673302584 0.4602606430 0.4012220446
0.5713860755 0.1043595297 0.6756445710 0.1201987393
0.9122197591 0.3062084417 0.7706701873 0.1739223554
0.7379027937 0.9144648377 0.2471536536 0.8735151999
0.1162374396 0.0281384211 0.3959275054 0.3408571709
0.5888407041 0.3237808897 0.7016352256 0.7621178458
0.8589926580 0.0749210559 0.1467045914 0.3835561185
0.4612356993 0.7917198283 0.2947208795 0.2997482529
0.8742704492 0.0983789344 0.2401620201 0.2961287467
0.1217498314 0.8477196237 0.2594784711 0.6036893480
0.9674507312 0.2520791066 0.7769720304 0.7737119313
0.9852428532 0.5461052899 0.1083501159 0.3409216529
0.1857334677 0.1699360085 0.8653793827 0.4277601347
0.3589733745 0.3364389930 0.0597223797 0.5959828996
0.2606930558 0.3519113241 0.5930728954 0.4152374017
0.4447689876 0.4565954470 0.4636028153 0.3453115267
0.6853790509 0.0366943186 0.8239069142 0.3309621409
0.3498654216 0.8772526747 0.2996535674 0.1999502940
0.4086344132 0.1005498224 0.3056095692 0.9984308643
0.1228240679 0.9179104896 0.7022748654 0.4121517188
0.3896842460 0.8330233422 0.3887793928 0.6765500980
0.0698479537 0.6405404397 0.0841283801 0.0742265250
0.7289609822 0.8764948758 0.9870715150 0.7293572800
0.4065882647 0.8198777973 0.7396225387 0.9825557215
0.8680045148 0.3033692378 0.5814337963 0.0575234602
0.2354422392 0.7628217643 0.2233530101 0.2829375465
0.2311757301 0.9279806888 0.6196654277 0.4811369292
0.4689760208 0.6385687483 0.9862916274 0.4144242230
0.3621388702 0.1428933297 0.0578168850 0.1275124472
0.0462979614 0.1632864689 0.7166298545 0.0573876363
0.6710426413 0.5908177013 0.6147486248 0.6618682967
0.7445643598 0.9075199968 0.6641581575 0.8074470487
0.6213560681 0.0978788953 0.2728761786 0.2164323680
0.0734263732 0.2446336299 0.1160293116 0.7771236987
0.4213024526 0.8223338631 0.7507316080 0.5074479051
0.6534533716 0.7298195277 0.2200494234 0.1253468798
0.9557647844 0.7752146317 0.9811990308 0.0042503860
0.7894656254 0.3458534037 0.2962003904 0.9747079511
0.9805134012 0.2906031775 0.0017847517 0.8113505970
0.9205652229 0.2348859678 0.1234401197 0.9093857086
0.1383834336 0.2314136281 0.1050698210 0.0029693359
0.6537160424 0.7782653081 0.3309736926 0.4280551806
0.5296481957 0.1969965189 0.3009073146 0.6256943806
0.7848663284 0.0272989858 0.4082897419 0.8624381556
0.2461310669 0.1998300991 0.6150414467 0.6079694714
0.3123942316 0.2872986210 0.0858854809 0.9904790789
0.9359445354 0.7305478476 0.3659233347 0.3593743226
0.8896076680 0.9080838351 0.3808998412 0.6521344684
0.8069403843 0.4440919339 0.6791872409 0.9641739454
0.7337520122 0.1474966652 0.4805830331 0.2196511115
0.3285364983 0.1586808560 0.0718301300 0.8963827010
0.7960237068 0.0298033451 0.7439380165 0.4674650932
0.0591922862 0.5440681385 0.5276949460 0.3580489014
0.2936721663 0.4322970715 0.9448559374 0.6893876076
0.1630510053 0.7865830593 0.2390432246 0.3924464091
0.4035006935 0.7999277374 0.6825450602 0.5502293901
0.7952038408 0.4714886830 0.5692357612 0.2441000204
0.5651807488 0.2609640054 0.9772141817 0.3869827516
0.1717645336 0.5295318951 0.3813733494 0.9713094396
0.4603840798 0.8017203138 0.5053238218 0.1341749015
0.4188945025 0.5222542895 0.2887280866 0.2545665462
0.2772105902 0.1032780509 0.7369892462 0.6726469142
0.8616264818 0.2647891353 0.2929604857 0.7904393668
0.5663715450 0.5380312191 0.3102329898 0.3104225688
0.7640834348 0.1413150067 0.8433669383 0.0565795289
0.9258084271 0.6908982102 0.0491189488 0.8040150001
0.3956960197 0.9767277856 0.0290922572 0.5262679738
0.8929099903 0.8183845425 0.6184729373 0.2411885230
0.9606256657 0.2594417740 0.8685814351 0.2121455134
0.6168047909 0.8866482642 0.9269291035 0.4667321770
0.3447154700 0.7882187177 0.5625944671 0.8879333230
0.1700228751 0.7319560075 0.0418547889 0.2312931207
0.1252842111 0.5851344883 0.0894175934 0.3268181828
0.5510183269 0.9654760892 0.5167501748 0.0890697807
0.7017206179 0.7952537874 0.5123632972 0.7463366811
0.3900795667 0.6149672033 0.2713792490 0.7648359323
0.6570074219 0.5181604822 0.9081585602 0.7859344935
0.9309571040 0.7835506218 0.0086479703 0.6386031161
0.8878075262 0.3422716513 0.5180093434 0.0564460442
0.8220620576 0.6418910829 0.2162789607 0.0792657005
0.4502947768 0.5492740435 0.0830326570 0.5790543722
0.3940878000 0.5787717580 0.6909509443 0.5299545776
0.7460663840 0.5582176145 0.7370923822 0.5182141320
0.8437093061 0.2458956014 0.6539140009 0.6474140096
0.7114080641 0.9977674522 0.5361976444 0.5269922598
0.3980605461 0.1451457708 0.8873016067 0.3140779753
0.1916352464 0.2543333759 0.1386155679 0.8620945806
0.4939932765 0.3123387757 0.0540215807 0.8155221037
0.1172090871 0.5787376621 0.0397872719 0.5743809079
0.7988314968 0.2105137049 0.0736366906 0.1331749469
0.9347256281 0.4417194068 0.7234739928 0.4263897770
0.1939275473 0.8406060931 0.5328548692 0.9914245486
0.2675492107 0.2801970440 0.3421405612 0.6488721519
0.6861768378 0.7195563019 0.3301421098 0.0127249507
0.9809775197 0.1964123773 0.1795748343 0.3306479620
0.8379052243 0.4449475479 0.7725697074 0.8636081907
0.4258743185 0.2556100545 0.8283064063 0.6059423752
0.5358491143 0.0960136487 0.2018943874 0.5575702947
0.4204936625 0.3191542461 0.1238575393 0.4944011868
0.0637500120 0.1611529669 0.2930845850 0.1251364891
0.6821652628 0.3358737806 0.9583193153 0.3099555874
0.7866304948 0.3326046980 0.3524208778 0.1369854140
0.9189627265 0.0758896515 0.8828140992 0.0794382645
0.2264467180 0.5396226436 0.9168481465 0.8837835319
0.7320856762 0.8738994026 0.6437464099 0.0037233661
0.9354833415 0.0678095752 0.8795495632 0.2587681693
0.0115848253 0.2845900956 0.6648921125 0.6149749206
0.1969146708 0.2967813083 0.2018655769 0.0615373631
0.0987842231 0.0759261516 0.4967221903 0.1678791028
0.1854284734 0.0686171867 0.3539138078 0.2331260454
0.2695894756 0.8193070161 0.4955126016 0.3859120752
0.3032705067 0.1157818504 0.8784329851 0.8490323164
0.1626756296 0.3895240002 0.0856772323 0.7704875636
0.3955841105 0.9508889537 0.1019188144 0.6211279840
0.6865690177 0.5787825942 0.8108926063 0.5814727689
0.0763126199 0.9093048462 0.0608973286 0.2838689489
0.1808713905 0.0473246000 0.1648512926 0.1172245399
0.7323280527 0.6284454997 0.8898531074 0.1681818112
0.7091146060 0.8877860911 0.3923834022 0.3338377509
0.7947838475 0.0372427094 0.3476399217 0.8269509317
0.5140130488 0.3420299030 0.7381309055 0.1146791015
0.3759507750 0.0804855548 0.4023426567 0.4322599811
0.4281549989 0.5028240590 0.6523814339 0.3223937551
0.5861326495 0.7932288773 0.1030440330 0.5487519667
0.1833598053 0.8783412317 0.6034928053 0.2266129602
0.2544283221 0.8630281120 0.9819840615 0.4080610799
0.9167362243 0.2308312570 0.2067709701 0.0406457108
0.7941306471 0.2543634251 0.9939358100 0.1703897781
0.6745910589 0.9604809623 0.4481235408 0.4544876652
0.0584415428 0.6182920082 0.7080239737 0.8902784692
0.2245661396 0.2253696798 0.9751218007 0.4597827696
0.1859756391 0.8578974058 0.2701559428 0.0006014035
0.6516661043 0.4227849780 0.2837342884 0.5593711762
0.5146792406 0.2401965358 0.2951640835 0.7014572892
0.4384800330 0.3959582392 0.1887353156 0.0979457081
0.7054126424 0.5293397497 0.2298374506 0.4452824642
0.1293357106 0.2645881899 0.0848010302 0.9696143749
0.2373911462 0.2295500971 0.8189497889 0.5370613203
0.0884063643 0.6621290832 0.9633536867 0.7077785532
0.8209531694 0.4271077483 0.8396515544 0.1907547633
0.6830312019 0.0571208689 0.4019798579 0.3559291045
0.9246260923 0.8608144897 0.6720326999 0.2845079906
0.6515959918 0.6593463837 0.3382315149 0.6738753845
0.6925793193 0.1007515441 0.9063579417 0.5403757291
0.3936419404 0.7466299747 0.2391953654 0.5204518438
0.5708343329 0.1281490375 0.1955135862 0.0936982250
0.0789277129 0.6450464514 0.2400933545 0.0378798088
0.9130815632 0.6019303072 0.9294721625 0.7238211139
0.3038394666 0.8437189399 0.7945769483 0.6363944755
0.1489794373 0.6933444045 0.0956366437 0.6076012034
0.6748895567 0.7376020499 0.4738343303 0.0511367141
0.9874578221 0.4057323985 0.2764255467 0.1114366781
0.8661190010 0.4380459806 0.3663780287 0.7665972716
0.6826419464 0.4037624977 0.1944999816 0.3426804581
0.9224529153 0.8930139128 0.1257722619 0.8521806269
0.8139740095 0.4143826918 0.4757307862 0.9318643775
0.9678947063 0.5928497667 0.8753099400 0.7011548582
0.4225318874 0.8839098260 0.1998005084 0.3916264152
0.9678660563 0.2234564434 0.5075646839 0.7672296008
0.4703687182 0.0938068049 0.9131102462 0.5792919107
0.3083352069 0.9617138388 0.3861788995 0.0381584579
0.6398481915 0.9442190595 0.1351175273 0.3414285582
0.0784600460 0.3576403253 0.6372604013 0.2420398029
0.9216696839 0.7874469959 0.3860665625 0.3606249714
0.9964668042 0.8846941163 0.4423822998 0.0997660431
0.8331613974 0.1690209441 0.1539132482 0.2832723394
0.8387193250 0.7259569974 0.4775853499 0.8623825041
0.0887987066 0.2240997899 0.5778762726 0.0142821145
0.2095112539 0.3170999803 0.5502932248 0.4746429711
0.7650046728 0.1354347084 0.6607463095 0.7770695026
0.2565230781 0.2145637214 0.7884146785 0.5976327622
0.7339671041 0.7801912364 0.0464521707 0.2103718120
0.4958035968 0.3558165845 0.8923588085 0.4051043098
0.5659062172 0.9633869802 0.9802581662 0.4436141029
0.6230123193 0.3428054126 0.8714611604 0.9846513202
0.5101998758 0.2991862020 0.7910108076 0.2954233625
0.1637060256 0.4785837577 0.8554133246 0.3087546397
0.7747936772 0.9014964213 0.5229684377 0.0914056494
0.1741265264 0.7947486675 0.0771839041 0.8742178456
0.0657198230 0.2998960208 0.7233540103 0.0010651463
0.5290366767 0.8757755838 0.4611361293 0.0287062904
0.0896118925 0.2631197658 0.0793709483 0.2023961991
0.0039254036 0.6385898081 0.8112635484 0.1417332526
0.6965704963 0.1123285366 0.9891486892 0.2457936021
0.5006162845 0.7578248327 0.2521980670 0.3293234587
0.9728632386 0.4343755076 0.3949731133 0.8919321613
0.4200091320 0.3074218980 0.5927129233 0.9061385393
0.8486396878 0.3258268867 0.7542728955 0.2488938818
0.6344532660 0.3273887507 0.5416717961 0.4687483313
0.1178734699 0.2485428477 0.4241124733 0.4589608328
0.0260595970 0.6932910017 0.9967108564 0.7646316824
0.6436114351 0.8670771673 0.0070895053 0.3021243522
0.6885883275 0.1336523542 0.9976472857 0.9262734242
0.1277998609 0.0272747057 0.9587766069 0.1873832708
0.2380204356 0.7516254490 0.2677433804 0.7970489901
0.1417904085 0.2126467003 0.6391880252 0.9074003320
0.6163856688 0.2265815334 0.2818554331 0.9370130690
0.8136955230 0.1906180650 0.7355170424 0.4865751944
0.6316509083 0.2513835756 0.0781168416 0.0006940699
0.8482914508 0.8479311354 0.9490804363 0.2394229263
0.6806258655 0.8968442866 0.3064120613 0.7119382394
0.9627226057 0.7986181519 0.0894423069 0.0061692773
0.9456647015 0.3224978036 0.3101686136 0.3026276465
0.8891045829 0.7971165163 0.5848058203 0.0575904612
0.2925832298 0.5939122161 0.9184079941 0.6620724210
0.2588961757 0.5861456456 0.5576584683 0.4665487211
0.7426200859 0.7563980025 0.8452116596 0.9087574276
0.1205453385 0.8606930088 0.1089161348 0.3683312472
0.9519800005 0.0994618192 0.8120791129 0.0878912636
0.3435710821 0.3858638455 0.8791237519 0.4949572456
0.6778594046 0.2517608024 0.8200127135 0.5655656992
0.0199152537 0.0970355415 0.9257888510 0.0468703870
0.0906829792 0.5003335572 0.0070467679 0.1664007295
0.7888640044 0.1992494520 0.5452301747 0.0714104431
0.6529795884 0.1423725984 0.1297396834 0.9800752746
0.0187879081 0.0507587719 0.5159323390 0.8825304806
0.1816479799 0.9665838040 0.6116247158 0.8688493424
0.7128321993 0.2062620172 0.7163443072 0.9939149794
0.8605240395 0.7157660351 0.7424530770 0.9889143987
0.0730368826 0.8897842501 0.6767314920 0.0152673651
0.3310100198 0.2828394688 0.5393671168 0.6556485498
0.5369791602 0.7320375814 0.7487081252 0.5337722358
0.0128827467 0.3079629904 0.8212873929 0.7480221985
0.5512615437 0.2892851880 0.5126972719 0.1570421130
0.3331559392 0.1747371474 0.4362176927 0.6299900367
0.5828226256 0.6988649810 0.0845042395 0.3102030472
0.3725038036 0.2543876955 0.3792653670 0.5839330382
0.2650562705 0.9089698314 0.9313086384 0.1186147604
0.2838433935 0.3143890696 0.9111486443 0.6762997222
0.4234024012 0.1098996848 0.9313851447 0.0550956461
0.6169504220 0.8184304251 0.4309367271 0.4791453566
0.0806622458 0.5820546041 0.3966809420 0.9340219263
0.8036048955 0.7713800040 0.1617587349 0.4768329849
0.3143018478 0.4114280457 0.5075214717 0.8433455350
0.3025327469 0.9349571920 0.6742159078 0.1368546905
0.9031800911 0.9766218709 0.9407359960 0.6657871363
0.2585863958 0.1527974083 0.7628109631 0.0949269874
0.4050813079 0.3022616080 0.7107581869 0.1781851364
0.1932798585 0.7739955726 0.1114707616 0.6383578306
0.9100243177 0.3441118040 0.7851790925 0.1484854707
0.5288551416 0.9335861402 0.3900364727 0.9269021591
0.8905723954 0.2197041655 0.0511222364 0.9473957086
0.3093278741 0.9939652132 0.3993000351 0.8676724800
0.0603559565 0.7398010840 0.6913779467 0.5311491645
0.4375186141 0.7146090307 0.4599989311 0.2366252524
0.1655491334 0.7421984425 0.3263060118 0.9489152688
0.3021504198 0.2282308259 0.6431533862 0.4820789725
0.4665889533 0.6462652723 0.4734570622 0.7799588479
0.8429932208 0.5605865993 0.2280585802 0.1547764832
0.5308613604 0.7675529910 0.0519007384 0.3149899782
0.9038432695 0.7778399304 0.5180729463 0.6094424700
0.8323036593 0.0462846004 0.7228997444 0.2524212978
0.5396730163 0.3830351527 0.8778902499 0.2541939385
0.1967722602 0.5177962196 0.2369249637 0.1105078964
0.4189198345 0.8662614947 0.2035123237 0.0963151729
0.1340253253 0.9638324032 0.9766945963 0.4711655645
0.1200792098 0.6935984101 0.7552831720 0.3834902290
0.1537333721 0.2594306044 0.0746493236 0.9526627324
0.9640369108 0.9602097395 0.6764673191 0.6628430715
0.3145605798 0.1938831478 0.9806949376 0.2302945363
0.9587516346 0.5521301719 0.9684958103 0.2976274932
0.4766868336 0.5248840788 0.5540793683 0.6284668434
0.6589371422 0.9696003033 0.7840407069 0.8517363500
0.7045955820 0.0490704200 0.3437664124 0.8794866385
0.6499029920 0.5506303658 0.9813996554 0.5346552092
0.3109913666 0.4703948157 0.3696789637 0.2941882573
0.9256449436 0.5789066048 0.0759594120 0.9662390674
0.2790811705 0.7756405333 0.0196920380 0.3946554287
0.0667222778 0.8522202504 0.1349036683 0.9614907445
0.2869400347 0.1939097661 0.0792264281 0.2563078813
0.6880741844 0.7770896608 0.1333884490 0.5626830136
0.7677756039 0.0043054008 0.7446918402 0.4593223646
0.4511995589 0.6630112005 0.0817484112 0.0451896712
0.5832021773 0.4132592748 0.6266032133 0.1015203094
0.5717101906 0.2707577073 0.2943775171 0.7629917006
0.7344950449 0.3500775617 0.2875982332 0.6832799394
0.6559520580 0.0412249782 0.9401093500 0.3719386736
0.5271214355 0.9918565469 0.5580168166 0.5317428195
0.2084503058 0.8156251407 0.9845745992 0.3293100721
0.9295440713 0.5542213017 0.7617634145 0.0007393101
0.0442919704 0.5240294614 0.6526619015 0.3263001657
0.2236035719 0.8465631793 0.1587918324 0.1692726196
0.7523681716 0.1912688275 0.6237511046 0.0269039332
0.4694316860 0.5219803458 0.7947169374 0.8451421800
0.4534726449 0.3665504628 0.6327354716 0.8270763797
0.6837179044 0.0531675129 0.9832749252 0.1309547900
0.4275103975 0.7575069686 0.9855167206 0.7813896905
0.9861602513 0.9252095812 0.5285794077 0.7610911518
0.3732192666 0.3603223773 0.1970074179 0.5418411830
0.7076920068 0.6662457399 0.0238883714 0.9929563747
0.1985612811 0.0280825144 0.9023908016 0.4637479381
0.8459606784 0.4121118736 0.3717903359 0.1335255391
0.1247457023 0.5498272398 0.6292794317 0.7744432671
0.2946856105 0.8090356637 0.7343929126 0.3392309942
0.8582225403 0.6664882885 0.1030413299 0.6641012610
0.2678351696 0.3807582423 0.7121720468 0.6036884211
0.8528270367 0.0138676196 0.0649939986 0.2197711137
0.3132281952 0.0009980435 0.5701460820 0.9465010878
0.9612509057 0.2375646653 0.7064858032 0.9244241845
0.8103288267 0.1657840180 0.6093491622 0.8210697263
0.3108024004 0.8656023974 0.8821865976 0.9198659404
0.0151778758 0.5721361207 0.1237920911 0.4865191792
0.9380422231 0.9501239115 0.5044369801 0.6537432162
0.1325766060 0.2089214408 0.6740827372 0.0475024398
0.4407457007 0.6457493919 0.2862421138 0.3266395452
0.7569099754 0.1887313363 0.4796881639 0.7817418833
0.5875333364 0.7817064363 0.9759077157 0.6429382299
0.2581125514 0.8099404862 0.7102843763 0.9239067162
0.9760982626 0.0986811826 0.7177262801 0.8770169381
0.2916862891 0.5201660937 0.2108983144 0.6935946676
0.7470808445 0.3891819479 0.2862216147 0.6091744404
0.7663371589 0.4674177292 0.7382259040 0.3831521730
0.3520547078 0.8617651810 0.4378421057 0.5988539558
0.1128420034 0.2692383218 0.4800835307 0.2766091415
0.3797733755 0.8565901181 0.9099140613 0.8491681369
0.5761471213 0.0273966504 0.4231822342 0.1363955761
0.7054262162 0.5752090162 0.6349348906 0.7406408031
0.5323054088 0.3837659552 0.3141540836 0.9515222926
0.6438186995 0.9854535193 0.9791815566 0.1245963666
0.1368807343 0.2753611431 0.1592622716 0.2775971102
0.2890318098 0.0303724559 0.1614837358 0.1524107347
0.1458439177 0.3197414586 0.4313992505 0.7675822918
0.1511129316 0.6575012083 0.3278871074 0.9763279360
0.8268944438 0.2605472289 0.3747519154 0.0128810797
0.0018403935 0.0560914723 0.4268759764 0.8826616824
0.2957048887 0.6191716896 0.9372793713 0.9867336446
0.8289528784 0.3896648759 0.2305867465 0.9726700477
0.1432958780 0.5820351886 0.9087304609 0.5667615465
0.4341631556 0.5899505258 0.3568317880 0.6191235851
0.8639861524 0.0637238611 0.6759232922 0.6900145142
0.6336765404 0.8035752225 0.4648091000 0.2078132050
0.5356722658 0.1043240926 0.3982648261 0.8169956560
0.8319984375 0.0882846801 0.1414819797 0.6108133662
0.7183551578 0.4020950398 0.8308013833 0.2658448565
0.3865410176 0.2963537608 0.9264752531 0.5736663939
0.9773138347 0.0137608379 0.0758570542 0.8951714451
0.2219645694 0.6149588965 0.1842185305 0.0138827132
0.4340143125 0.9568656054 0.1242368185 0.6595647083
0.5881902055 0.3753644071 0.9966883387 0.5480991987
0.4387682075 0.6772439899 0.4287143869 0.3581463376
0.6189869711 0.8513881797 0.0344918882 0.8209540043
0.4972543383 0.9206671779 0.1780705257 0.5162277419
0.0705066591 0.4851845127 0.4106659092 0.8466320547
0.1819807679 0.5057157379 0.2578797932 0.9413694964
0.8779827351 0.9378879509 0.3409810077 0.4718876826
0.9814508678 0.5710535323 0.9728053054 0.7578225965
0.2933850483 0.4333845572 0.5714812441 0.8665540069
0.4719165559 0.5738177799 0.1527389481 0.8000256929
0.3297643867 0.6406895526 0.4703970483 0.1383330458
0.8435846775 0.2234699389 0.2824526049 0.8468743539
0.3350205633 0.1837719298 0.6288145264 0.3200998155
0.5528365801 0.4755441680 0.0374255169 0.5705754715
0.4228214689 0.2462875666 0.3366416086 0.1310112677
0.3378614964 0.9282530223 0.8098917373 0.4708077697
0.7248724892 0.2862306467 0.2673227672 0.8860038627
0.1697744293 0.9979437111 0.5585653896 0.3117181635
0.2300407333 0.4435638762 0.9920125176 0.3722170158
0.6276757401 0.2358647034 0.8242877704 0.8458145491
0.0702269650 0.2317085556 0.2528732370 0.8191651121
0.0996906539 0.1857913302 0.0382897931 0.6792763646
0.2340179984 0.2389405405 0.4014739274 0.6705747225
0.3228572150 0.3254400313 0.8616443148 0.6563318835
0.0967773476 0.3949833862 0.8825261089 0.5235186059
0.8384273462 0.8504324558 0.1027386853 0.9380524868
0.6363348629 0.4185376356 0.2985052238 0.7944646590
0.1834836187 0.7430294774 0.5915833628 0.7755508436
0.7922982374 0.4873336128 0.3583822145 0.6017059881
0.5211994829 0.4999136771 0.1982769722 0.7173813760
0.1411667583 0.8723776736 0.3779961898 0.6061630534
0.9618488297 0.0332895478 0.7113956974 0.9998532825
0.8777133064 0.5737578178 0.2306791389 0.4765941612
0.6872155604 0.6205939332 0.9483984808 0.6039187088
0.4716971733 0.1873038738 0.1296142001 0.5339365139
0.1556351664 0.0788943443 0.1642008625 0.4952556630
0.2671414562 0.3857340744 0.5129306459 0.8265638569
0.6566250779 0.2347847159 0.6345826714 0.1102230354
0.8343602002 0.3668863066 0.1589879003 0.8130767945
0.1887596392 0.4264868882 0.2041129285 0.3265207411
0.7876181667 0.3897070440 0.3788322041 0.5413805188
0.2622145096 0.8535623791 0.1671506889 0.7473780317
0.5325504956 0.5259282867 0.1651148043 0.3408192756
0.0581854329 0.4141764152 0.5004048747 0.4024928933
0.7000033694 0.9117617070 0.5065608922 0.5105576245
0.6060936736 0.4386358744 0.1563973681 0.4344859188
0.8322095929 0.7618877814 0.7859709969 0.7102011312
0.4257408249 0.4088402723 0.7894288841 0.3066910716
0.6026380561 0.0259338022 0.1404782824 0.8758115613
0.5675072515 0.7367458515 0.3002694632 0.8105750295
0.7385566670 0.9502573996 0.6612100321 0.7988364298
0.7141063074 0.1518492006 0.7143906354 0.4999671695
0.7409367937 0.6483408569 0.2378859213 0.1228549795
0.3039546565 0.1204923752 0.4629387714 0.8036386200
0.7959177843 0.7135623501 0.0269946864 0.1152526145
0.3004278533 0.6839523900 0.8211863300 0.8585872095
0.6477561885 0.9456445238 0.3157437082 0.4779243595
0.2441608055 0.8497956713 0.0605929731 0.0731277773
0.7670431727 0.8853662853 0.2555116171 0.0857870325
0.7427480372 0.6829531927 0.4041263780 0.3711260748
0.9919379549 0.3250044546 0.8080999003 0.5579187631
0.3412391691 0.3281805647 0.9950429795 0.4087032356
0.1427096243 0.9883777231 0.6701932094 0.5328669334
0.7105115925 0.9375358199 0.9174347912 0.5839140050
0.7469078689 0.0807572452 0.0952855029 0.1404693912
0.8280192652 0.2573086876 0.4983144644 0.7360593332
0.7981621522 0.4286755094 0.7091474993 0.2599264413
0.0836196996 0.1032469378 0.1864514338 0.4916239552
0.5354700805 0.1701139865 0.2171960522 0.0283358158
0.9277779276 0.9369051325 0.4146988499 0.9451280372
0.6618316855 0.0106503066 0.7384453185 0.6443644227
0.6831863200 0.4234874801 0.0749467435 0.6914932535
0.5761548231 0.4384268207 0.6680442817 0.3412826847
0.0675745405 0.7418488504 0.6890213361 0.9931427572
0.1759475305 0.6509662510 0.0007287305 0.9872378301
0.5808006817 0.5812498089 0.5274930201 0.2186605503
0.1890244926 0.2247783499 0.6889839425 0.3842726450
0.3398107380 0.5645341458 0.2844403010 0.1252160207
0.8902967410 0.5212058044 0.2551345515 0.8171305124
0.1371166272 0.1476270068 0.7593697609 0.7228262757
0.0088118452 0.9508143640 0.3702343200 0.0709591378
0.1095897561 0.7265582232 0.5677274893 0.9732037917
0.0118450469 0.3136904352 0.0660376021 0.9373174746
0.4906940625 0.2083330361 0.0667930384 0.9548551524
0.7755718388 0.1021066857 0.1665763473 0.2855990297
0.5552267071 0.8878627494 0.4891108109 0.0880321817
0.8080900917 0.5164565237 0.5639050628 0.2560615340
0.2582721414 0.0394328424 0.7921337852 0.6181297849
0.1764204114 0.9325140056 0.9153148342 0.2950458007
0.7220470727 0.6422292815 0.9673682597 0.7434496526
0.3653233599 0.6605601708 0.3794131484 0.8865845099
0.9268625003 0.7930848743 0.0806423265 0.2433821994
0.1723665332 0.3338895865 0.2490746333 0.3187115359
0.9966223500 0.4744347109 0.9460013255 0.4370940522
0.6737613582 0.4638706301 0.7489607883 0.6621725003
0.2144564367 0.3737889638 0.5934031168 0.9360165245
0.9927779991 0.6582872976 0.4379148150 0.4542445404
0.7110935951 0.0296876629 0.1904450913 0.7953788174
0.3488024734 0.5462705007 0.9271305560 0.7892704765
0.2150430799 0.4251342108 0.4358696489 0.6541877794
0.8434669799 0.5228464772 0.9459181241 0.0599425833
0.7969831395 0.5142305772 0.5881748232 0.0516662242
0.1959835411 0.5496823236 0.7094809794 0.6803501673
0.1911275269 0.2733331714 0.2316055767 0.5542137482
0.1870186663 0.5567764053 0.0194015668 0.2012123773
0.6661036756 0.8256110454 0.5041634538 0.0675983302
0.3858695057 0.7437226385 0.1449452237 0.7380231532
0.1743613585 0.0263652087 0.7036376955 0.1245912561
0.9904424032 0.4762912727 0.4732828055 0.7252576583
0.6998731446 0.1933200403 0.4002283369 0.7814079202
0.7101700173 0.0445194907 0.2701462090 0.9147254568
0.3325997345 0.3129663487 0.8618773458 0.4680421808
0.9235216606 0.4293910625 0.4252792454 0.7737380827
0.3090197190 0.0069464343 0.3141836498 0.8294734902
0.5435333525 0.8722942962 0.6939780098 0.2058639186
0.5831459674 0.2583066490 0.9290954538 0.4085983139
0.3397885132 0.6962957450 0.8577877936 0.9592364954
0.9207824334 0.5724901746 0.8523812230 0.8128045368
0.9995013458 0.8668532838 0.3244403029 0.9296190639
0.4795813907 0.7435908972 0.0322264794 0.9321957951
0.1516942513 0.3549589816 0.5462456548 0.9904010083
0.0524049882 0.9695150656 0.7203930478 0.7608597006
0.0414483035 0.6500014832 0.5953375976 0.5608176072
0.5208695308 0.7160683953 0.7957976159 0.3035412928
0.5261490877 0.1523293100 0.3782490675 0.5278776334
0.5649095316 0.3099631320 0.1884392912 0.2075893025
0.8898639558 0.6886583095 0.5565069835 0.7050550416
0.0819401364 0.7864882279 0.4843173373 0.7889048235
0.0846512362 0.6071845900 0.0075488733 0.9892928205
0.1708615227 0.0187764441 0.0345200345 0.3238959089
0.7073546849 0.3431943056 0.4595821789 0.1887609376
0.6465966099 0.9441394766 0.9609891159 0.9909437477
0.5521514050 0.5657313894 0.2407594407 0.7565052296
0.7650298733 0.7758659514 0.4430744763 0.7149485171
0.0083207996 0.8559938136 0.0632913478 0.1315703377
0.8037181465 0.8111618106 0.0868334301 0.3355987680
0.5076518727 0.1841166150 0.5455594625 0.6871634786
0.7529528711 0.7948803843 0.8751677095 0.6796918980
0.9066154519 0.7346760825 0.2036482563 0.4879052511
0.0742830704 0.7635709717 0.0980719478 0.6331604575
0.8640674943 0.1323055925 0.0865584435 0.4921281167
0.4956202005 0.5420143232 0.6319154348 0.9914545620
0.9944367331 0.4447780526 0.0362403076 0.9178657133
0.2442222666 0.2622924393 0.3624082844 0.5804512611
0.0051696167 0.6234384087 0.3707777392 0.7622384174
0.4999556943 0.4806564978 0.6183433460 0.2964170482
0.0946994892 0.9821949232 0.6447532360 0.0209205782
0.4359018897 0.6822325228 0.7614152194 0.3960009216
0.2077926422 0.3270049851 0.1840600365 0.9382959059
0.0164509763 0.7164765679 0.3668238829 0.2664939002
0.1575184380 0.4337696037 0.7955450651 0.1359962531
0.7926506103 0.2927258439 0.4766810566 0.3659103672
0.2564482912 0.4623294702 0.1514054482 0.6053835797
0.5381466442 0.4313914312 0.0023681829 0.9403657060
0.1966734566 0.4127807056 0.5749254381 0.3170811231
0.9303765450 0.8515062451 0.8849902046 0.7846350558
0.6242003946 0.2309732243 0.9485594970 0.2843221621
0.4241640497 0.8444734434 0.3538626264 0.5927428876
0.0424774592 0.5878661281 0.4001463276 0.6587235125
0.6157549040 0.5192964679 0.1872504087 0.3868345067
0.4028841854 0.9290534565 0.9403230452 0.8898056212
0.9422349073 0.6651797476 0.0449532757 0.5894943626
0.2539953913 0.0449496125 0.1216575810 0.2132812407
0.7536722379 0.0098808276 0.2326510680 0.3048348689
0.8957214228 0.8955416720 0.9923150577 0.0497617054
0.9588392767 0.3980544393 0.7723807622 0.9777898801
0.4754940080 0.9644097349 0.9983893717 0.7400760875
0.0384937697 0.5685541852 0.4455664704 0.7205827453
0.5088438876 0.0599439714 0.8778822473 0.1608645410
0.5428573884 0.8105060384 0.7093608337 0.9092493658
0.3827555406 0.4299928246 0.9019833158 0.0155976266
0.3533468584 0.7774324511 0.4616565431 0.5522741120
0.8020380417 0.2578583272 0.2404043516 0.7328696112
0.4204143780 0.7558772076 0.1469203716 0.9417321761
0.2030159509 0.1201726198 0.2985405624 0.4484933397
0.9353087622 0.9872372715 0.3791338986 0.5774529856
0.2016383486 0.6372924271 0.8837177273 0.6601755187
0.1836786605 0.4404932272 0.5205718551 0.5650770664
0.0519030137 0.2215341343 0.0877634542 0.9715060829
0.9673445214 0.4387212548 0.8619525986 0.6081415514
0.0649569560 0.6040179193 0.1141917516 0.7975187105
0.9844951389 0.1631498114 0.5556983445 0.5718018881
0.4757422531 0.3879877939 0.8244078674 0.6483144897
0.0212953681 0.8684414914 0.0095506986 0.9061542767
0.3526354270 0.2317323108 0.5492347021 0.8022082811
0.7563458629 0.2680378122 0.3656536156 0.4485836481
0.6585806183 0.4350973070 0.3228828060 0.0000716808
0.7883262804 0.7975443587 0.6599470158 0.8654281567
0.6012267732 0.3615528713 0.6237868335 0.6273541743
0.9573251795 0.9193463579 0.0453018761 0.5624269781
0.5708448778 0.8259798511 0.7253918538 0.4317845090
0.2368818734 0.2651374642 0.4379776174 0.0311966007
0.0468355730 0.0912117653 0.1800523481 0.6830531880
0.5064934108 0.0477238640 0.6990438405 0.8379211258
0.5961779762 0.4883233270 0.5164289890 0.7108241953
0.6410329096 0.3889450148 0.3249988759 0.0458435472
0.0807902047 0.5116856670 0.5750379789 0.4320168003
0.1931156917 0.8473372682 0.5868176026 0.8816657940
0.8876751843 0.7846774131 0.9540561633 0.2521403340
0.1581189609 0.1568321330 0.7426776650 0.2560551544
0.7659359965 0.4802037296 0.4855414816 0.7447936213
0.8831472206 0.3591907263 0.5154169598 0.3351972640
0.8722713704 0.3720755838 0.8474259607 0.7926947198
0.0124571958 0.4320738865 0.6040495344 0.1452194373
0.7403013730 0.7763603100 0.9689520583 0.9991188685
0.2549873150 0.2067034824 0.9991312075 0.2041344238
0.0474343981 0.1142372827 0.1739513206 0.2882438374
0.6004008184 0.7730370949 0.6411624552 0.2028506554
0.3332816790 0.4527981367 0.5164471810 0.8498660783
0.5632997785 0.0652244270 0.9857708048 0.2606286874
0.3021619666 0.3467083632 0.7161647781 0.9166636916
0.1194880446 0.0379096992 0.9871843470 0.6500845104
0.0007947970 0.3863775518 0.1651681298 0.5845497932
0.5207553593 0.7876260293 0.6817144181 0.1442141455
0.4101375307 0.4812530563 0.8769485932 0.5917107142
0.3059899560 0.7658842514 0.7616591822 0.8064183266
0.2586626277 0.1395126129 0.0618814899 0.9566545196
0.5990791897 0.9101501363 0.7776832336 0.3243797038
0.9615727953 0.7067808540 0.2927482415 0.8678275952
0.0006411219 0.0670691951 0.0986421108 0.9000536999
0.3331292116 0.2108869124 0.0656523334 0.7759955685
0.4335285986 0.4576582762 0.3973375853 0.4316609072
0.4308857136 0.9445733577 0.1353092556 0.0241081716
0.8123063946 0.7625726408 0.2737169698 0.6742193711
0.3895764012 0.7677361674 0.2145448226 0.6236632145
0.9535041723 0.9029477579 0.9577353495 0.7858062778
0.6243737878 0.9280363055 0.3523469796 0.6905324782
0.1690088865 0.8878454044 0.2578331177 0.4300285405
0.6001271529 0.8116427545 0.5063026383 0.1156052000
0.5450138044 0.9213012287 0.4743361760 0.9054232808
0.2428129470 0.3358038882 0.2385728759 0.0739872464
0.3692179438 0.7708115223 0.9493381892 0.0759617580
0.3091657303 0.1236340236 0.0914528079 0.4366604869
0.1165271247 0.0547666728 0.3557569711 0.0561000782
0.7245735769 0.6829982743 0.6874302231 0.8751406222
0.0770160119 0.2911555178 0.3581151288 0.6967844290
0.5201127746 0.3092445473 0.6242205444 0.0389149119
0.4990152101 0.9340535603 0.1520764213 0.5154284521
0.5668108870 0.2852052161 0.8372958537 0.7489709552
0.7908799365 0.2706769808 0.8249111690 0.3388663403
0.3849410413 0.5683970629 0.7703740440 0.7566978232
0.0291968256 0.3496285055 0.0317113914 0.0072690048
0.7552086314 0.2736383622 0.0450772454 0.2968333645
0.0514457406 0.5914049790 0.3592500794 0.8278579087
0.5580116963 0.1498974313 0.1094297392 0.9400964038
0.2775298625 0.5828876879 0.8499479991 0.8712293379
0.0637276471 0.5524194042 0.8880574280 0.6059812290
0.4027553634 0.9391623900 0.8006524192 0.8283486566
0.3927527847 0.0732895755 0.1278312106 0.4713292379
0.9551919680 0.9491477131 0.2685535656 0.6489027046
0.7113085614 0.7937582015 0.9873652024 0.7767507790
0.3319205714 0.8716994835 0.7273923322 0.2574914617
0.1571429394 0.6379259250 0.5988634745 0.1787624462
0.1002777523 0.4748996404 0.4236656454 0.5571661335
0.8003629250 0.3176157644 0.4809853435 0.7981480646
0.7993086304 0.5566177749 0.9516537896 0.6465006470
0.9741329080 0.4228136970 0.3389795771 0.0301514131
0.3491907391 0.9850996457 0.4383665007 0.5473025577
0.1481792687 0.4042977812 0.8925450623 0.6141970218
0.0263450472 0.3142393594 0.4520967880 0.0207272474
0.6849127726 0.1040870227 0.2630866903 0.5646034614
0.6163308495 0.1322324219 0.0658294882 0.5872107889
0.1870220967 0.1660038272 0.0653866813 0.5335460274
0.2899416341 0.2225452064 0.9583352725 0.9279738675
0.2723121613 0.1405696680 0.9068831194 0.4256337134
0.5406606788 0.5220068178 0.2478666637 0.1110904548
0.6734218518 0.8385607377 0.7783762735 0.6885003463
0.7461773740 0.5572620883 0.3263418492 0.0886305188
0.2811012850 0.9216201422 0.4428808816 0.9214443371
0.3635933584 0.2685272083 0.4881970077 0.1878444221
0.0261845792 0.0651323973 0.2326348640 0.1600802084
0.8985638314 0.2431345086 0.9419732441 0.8393968805
0.9271261604 0.4318696242 0.2248456893 0.6083691874
0.1066385539 0.7544010577 0.4740420670 0.1523051882
0.1285814576 0.8673824832 0.4312432323 0.1065047991
0.7998809600 0.9477694402 0.4630623328 0.2528665042
0.9753746996 0.0921853147 0.7910195721 0.0903724077
0.1679287195 0.6277250117 0.4213741972 0.1549757599
0.6517407347 0.4799879336 0.5528759589 0.0318280180
0.5402271557 0.6674623401 0.1180432610 0.1364534711
0.5782123685 0.9419099611 0.0850217574 0.4215619268
0.4306539266 0.3555949005 0.3744536357 0.7695636605
0.6094850096 0.7627788545 0.3359667118 0.6262151264
0.5085274652 0.7326180184 0.8785452469 0.6036902890
0.6776851248 0.6200347119 0.2619950483 0.7090508152
0.8415975233 0.4738612992 0.5855984295 0.4178269183
0.1242860777 0.1824162514 0.2277414667 0.4993086384
0.8843499225 0.3526820398 0.5133464605 0.9908194326
0.5327621735 0.6748431583 0.9423646223 0.3249682037
0.3245235710 0.3468039774 0.1998259855 0.4261698416
0.4973100078 0.2328835145 0.7316033580 0.4194084942
0.6170684397 0.3195517421 0.7245186971 0.7402944284
0.3642423758 0.2639331192 0.0358041854 0.5458931697
0.8988387253 0.2041816603 0.4864708567 0.5140248136
0.9496209356 0.0469888969 0.6737826899 0.5774424854
0.0412285051 0.1754017317 0.9597890635 0.4663672789
0.8565026750 0.5108604678 0.0006968846 0.7389900092
0.1586845481 0.8376154691 0.5923475786 0.0443610281
0.2536459152 0.4619770667 0.0954916882 0.0069376026
0.8834631368 0.6449805064 0.4459577865 0.1684903375
0.7741431271 0.5511503700 0.6557720453 0.6246813803
0.3276511677 0.9883273004 0.1805098209 0.8534369960
0.3021249849 0.1856867308 0.6836501580 0.0000837667
0.1028956739 0.3943386005 0.5329598721 0.2840929309
0.6247601996 0.2496585563 0.4829486549 0.4374790990
0.3201454019 0.2223823856 0.4264965224 0.0242590021
0.6280813817 0.5629222843 0.3780784115 0.8439225431
0.1137102650 0.1663277885 0.0032024036 0.1035782656
0.7272976894 0.2577735896 0.8743904574 0.7392196717
0.8008985776 0.3221341228 0.3714714651 0.5099181447
0.4686774650 0.0044421708 0.3822412170 0.1717020069
0.6398228301 0.7131281078 0.1999243812 0.0885605679
0.4176472168 0.5461713983 0.9203692857 0.0984518413
0.5636540564 0.9233025078 0.9476818857 0.3571080938
0.7509454475 0.1500651404 0.3717117265 0.4232345831
0.4270434548 0.4454131158 0.7188061426 0.4492805835
0.8244172663 0.8311939712 0.0944119387 0.1159072773
0.3322052487 0.3129536570 0.4409360263 0.1236614653
0.8585878260 0.6336589998 0.0569939194 0.9670708079
0.4606604894 0.3011387384 0.0739580607 0.4756692319
0.9757695652 0.2110369829 0.5051646535 0.2553821621
0.2168907964 0.4723461555 0.3091293301 0.3136696804
0.6720025376 0.2959426114 0.9027860183 0.8736517276
0.3005443634 0.2004611924 0.5553513601 0.6772517578
0.1779303670 0.0495453629 0.1761308301 0.6283543008
0.5252503849 0.7147128929 0.9130466513 0.8727457387
0.7717145577 0.2877598195 0.6704900079 0.4403491696
0.9648671401 0.0298725244 0.2220031510 0.3784630211
0.4541485307 0.8993362434 0.2685432879 0.8905329282
0.8812930164 0.5569758136 0.9785959303 0.6692466278
0.9542124910 0.2899677611 0.4339026614 0.0141051545
0.9823515960 0.5515822957 0.3249829528 0.3126594264
0.3294461641 0.3166514558 0.3775728795 0.6787961377
0.9091310960 0.0484142389 0.2825100969 0.2293026323
0.6107028778 0.9470204019 0.9436634540 0.3820214357
0.5112426178 0.3468942966 0.5478562854 0.7001117607
0.7922698219 0.3509365838 0.5240004088 0.9666190745
0.2507964192 0.4242201092 0.3904013241 0.9787014501
0.5612859834 0.4202905601 0.4495639659 0.8550621008
0.7347934580 0.7336828986 0.2069045302 0.4862091599
0.2145315760 0.2661402945 0.7290738691 0.2622310950
0.2145676798 0.8158370032 0.9647191989 0.0788066484
0.3975341630 0.3070182401 0.7153652078 0.8907694277
0.7288110377 0.8233699801 0.6762237323 0.8602582010
0.9558489839 0.2895021793 0.3630433365 0.5356226989
0.2943834356 0.0514379470 0.4927451193 0.1584374126
0.1827235167 0.8245874528 0.5256547941 0.9424212994
0.5924479970 0.1644819848 0.0148844075 0.2314237100
0.6484742222 0.0897188358 0.8398903147 0.6796104028
0.4795056539 0.4984910222 0.3921619977 0.7723352462
0.6772825536 0.5317623955 0.6281146928 0.3557512319
0.5866693969 0.5364088248 0.4972939008 0.6627424479
0.1120188721 0.6832059323 0.7417341818 0.3798861492
0.5351381719 0.3204936014 0.7879678717 0.9583478150
0.0889774417 0.4693166806 0.5970078699 0.4898067439
0.8283769308 0.7156640551 0.8597863387 0.4716273772
0.6524104485 0.0459496048 0.0539949204 0.3901279741
0.6535120917 0.4116111041 0.0460187883 0.1245108056
0.6477174110 0.4673747675 0.3060821622 0.4640290924
0.9488655334 0.2189580465 0.1269256626 0.1818365123
0.0961933779 0.1851676696 0.9903788540 0.0974171661
0.4711400018 0.1442490332 0.3097072353 0.3478724123
0.7292110676 0.4450525227 0.9763179270 0.2682294792
0.8448616194 0.3382564298 0.9381503065 0.2080531145
0.1628113173 0.8576355243 0.9748280449 0.7600087795
0.6546464271 0.0996114129 0.8962080913 0.2015663757
0.9869832619 0.0218845701 0.4631709966 0.1501786511
0.7333255394 0.9138321828 0.4002006376 0.3941689933
0.9657085486 0.7876132853 0.6565374058 0.8575025984
0.5128449977 0.1560068564 0.2321693023 0.2198445800
0.9863404218 0.4252282910 0.9107517087 0.5154415706
0.0507289060 0.5465401010 0.2116254186 0.0438543174
0.3348288349 0.3215845252 0.2427537068 0.4503847929
0.1642643832 0.5676391156 0.4313005202 0.3701528576
0.9144771882 0.5166386097 0.0596640338 0.2271048312
0.8482583307 0.0536615120 0.8786444644 0.7721070619
0.9568175194 0.3175402146 0.3565148427 0.1155626417
0.2621614418 0.0447371489 0.2989157091 0.1323222964
0.6491619743 0.3445721417 0.4034921054 0.3811297300
0.7257105026 0.6316032361 0.5084810247 0.1227970988
0.2495645413 0.5568963980 0.3452935097 0.3873238748
0.9832817991 0.2819590441 0.9995754300 0.6641075343
0.3858298562 0.3981600426 0.4508870375 0.9908656741
0.7668415483 0.8304438916 0.8203286248 0.3877570046
0.7584364595 0.3893616745 0.6643107301 0.4566392034
0.5733598053 0.8424172324 0.8404618749 0.9255881351
0.5603089586 0.3316900443 0.0705401763 0.1062607489
0.1275733746 0.0721893819 0.9229938566 0.7908080827
0.5560832169 0.3910684651 0.9403451050 0.4840048454
0.7064390309 0.8325857043 0.7412981002 0.5863629424
0.1973656077 0.6947361902 0.6956164092 0.5085304298
0.9070624096 0.9225766242 0.8923494863 0.2175130919
0.4407840549 0.1623001871 0.7978707562 0.6405931614
0.3605673319 0.2187553590 0.3817626959 0.8693527501
0.1514575011 0.0800685473 0.4970686897 0.3602385989
0.0249202149 0.0238083210 0.6569022026 0.2107475232
0.9368209563 0.9199488508 0.4853139549 0.8193997374
0.3114634379 0.0886946570 0.8543660023 0.0355681289
0.2713753491 0.2422253628 0.7494090485 0.3660153713
